/*--------------------------------*- C++ -*----------------------------------*\
| =========                 |                                                 |
| \\      /  F ield         | OpenFOAM: The Open Source CFD Toolbox           |
|  \\    /   O peration     | Version:  2306                                  |
|   \\  /    A nd           | Website:  www.openfoam.com                      |
|    \\/     M anipulation  |                                                 |
\*---------------------------------------------------------------------------*/
FoamFile
{
    version     2.0;
    format      ascii;
    arch        "LSB;label=32;scalar=64";
    note        "nPoints:6344  nCells:3024  nFaces:12243  nInternalFaces:5901";
    class       labelList;
    location    "constant/polyMesh";
    object      neighbour;
}
// * * * * * * * * * * * * * * * * * * * * * * * * * * * * * * * * * * * * * //


5901
(
1
18
2
19
3
20
4
21
5
22
6
23
7
24
8
25
9
26
10
27
11
28
12
29
13
30
14
31
15
32
16
33
17
34
35
2718
19
36
20
37
21
38
22
39
23
40
24
41
25
42
26
43
27
44
28
45
29
46
30
47
31
48
32
49
33
50
34
51
35
52
53
2816
37
54
38
55
39
56
40
57
41
58
42
59
43
60
44
61
45
62
46
63
47
64
48
65
49
66
50
67
51
68
52
69
53
70
71
2914
55
56
57
58
59
60
61
62
63
64
65
66
67
68
69
70
71
3000
73
170
74
171
75
172
76
173
77
174
78
175
79
176
80
177
81
178
82
179
83
180
84
181
85
182
86
183
87
184
88
185
89
186
90
187
91
188
92
189
93
190
94
191
95
192
96
193
97
194
98
195
99
196
100
197
101
198
102
199
103
200
104
201
105
202
106
203
107
204
108
205
109
206
110
207
111
208
112
209
113
210
114
211
115
212
116
213
117
214
118
215
119
216
120
217
121
218
122
219
123
220
124
221
125
222
126
223
127
224
128
225
129
226
130
227
131
228
132
229
133
230
134
231
135
232
136
233
137
234
138
235
139
236
140
237
141
238
142
239
143
240
144
241
145
242
146
243
147
244
148
245
149
246
150
247
151
248
152
249
153
250
154
251
155
252
156
253
157
254
158
255
159
256
160
257
161
258
162
259
163
260
164
261
165
262
166
263
167
264
168
265
169
266
267
171
268
172
269
173
270
174
271
175
272
176
273
177
274
178
275
179
276
180
277
181
278
182
279
183
280
184
281
185
282
186
283
187
284
188
285
189
286
190
287
191
288
192
289
193
290
194
291
195
292
196
293
197
294
198
295
199
296
200
297
201
298
202
299
203
300
204
301
205
302
206
303
207
304
208
305
209
306
210
307
211
308
212
309
213
310
214
311
215
312
216
313
217
314
218
315
219
316
220
317
221
318
222
319
223
320
224
321
225
322
226
323
227
324
228
325
229
326
230
327
231
328
232
329
233
330
234
331
235
332
236
333
237
334
238
335
239
336
240
337
241
338
242
339
243
340
244
341
245
342
246
343
247
344
248
345
249
346
250
347
251
348
252
349
253
350
254
351
255
352
256
353
257
354
258
355
259
356
260
357
261
358
262
359
263
360
264
361
265
362
266
363
267
364
365
269
366
270
367
271
368
272
369
273
370
274
371
275
372
276
373
277
374
278
375
279
376
280
377
281
378
282
379
283
380
284
381
285
382
286
383
287
384
288
385
289
386
290
387
291
388
292
389
293
390
294
391
295
392
296
393
297
394
298
395
299
396
300
397
301
398
302
399
303
400
304
401
305
402
306
403
307
404
308
405
309
406
310
407
311
408
312
409
313
410
314
411
315
412
316
413
317
414
318
415
319
416
320
417
321
418
322
419
323
420
324
421
325
422
326
423
327
424
328
425
329
426
330
427
331
428
332
429
333
430
334
431
335
432
336
433
337
434
338
435
339
436
340
437
341
438
342
439
343
440
344
441
345
442
346
443
347
444
348
445
349
446
350
447
351
448
352
449
353
450
354
451
355
452
356
453
357
454
358
455
359
456
360
457
361
458
362
459
363
460
364
461
365
462
463
367
464
368
465
369
466
370
467
371
468
372
469
373
470
374
471
375
472
376
473
377
474
378
475
379
476
380
477
381
478
382
479
383
480
384
481
385
482
386
483
387
484
388
485
389
486
390
487
391
488
392
489
393
490
394
491
395
492
396
493
397
494
398
495
399
496
400
497
401
498
402
499
403
500
404
501
405
502
406
503
407
504
408
505
409
506
410
507
411
508
412
509
413
510
414
511
415
512
416
513
417
514
418
515
419
516
420
517
421
518
422
519
423
520
424
521
425
522
426
523
427
524
428
525
429
526
430
527
431
528
432
529
433
530
434
531
435
532
436
533
437
534
438
535
439
536
440
537
441
538
442
539
443
540
444
541
445
542
446
543
447
544
448
545
449
546
450
547
451
548
452
549
453
550
454
551
455
552
456
553
457
554
458
555
459
556
460
557
461
558
462
559
463
560
561
465
562
466
563
467
564
468
565
469
566
470
567
471
568
472
569
473
570
474
571
475
572
476
573
477
574
478
575
479
576
480
577
481
578
482
579
483
580
484
581
485
582
486
583
487
584
488
585
489
586
490
587
491
588
492
589
493
590
494
591
495
592
496
593
497
594
498
595
499
596
500
597
501
598
502
599
503
600
504
601
505
602
506
603
507
604
508
605
509
606
510
607
511
608
512
609
513
610
514
611
515
612
516
613
517
614
518
615
519
616
520
617
521
618
522
619
523
620
524
621
525
622
526
623
527
624
528
625
529
626
530
627
531
628
532
629
533
630
534
631
535
632
536
633
537
634
538
635
539
636
540
637
541
638
542
639
543
640
544
641
545
642
546
643
547
644
548
645
549
646
550
647
551
648
552
649
553
650
554
651
555
652
556
653
557
654
558
655
559
656
560
657
561
658
659
563
660
564
661
565
662
566
663
567
664
568
665
569
666
570
667
571
668
572
669
573
670
574
671
575
672
576
673
577
674
578
675
579
676
580
677
581
678
582
679
583
680
584
681
585
682
586
683
587
684
588
685
589
686
590
687
591
688
592
689
593
690
594
691
595
692
596
693
597
694
598
695
599
696
600
697
601
698
602
699
603
700
604
701
605
702
606
703
607
704
608
705
609
706
610
707
611
708
612
709
613
710
614
711
615
712
616
713
617
714
618
715
619
716
620
717
621
718
622
719
623
720
624
721
625
722
626
723
627
724
628
725
629
726
630
727
631
728
632
729
633
730
634
731
635
732
636
733
637
734
638
735
639
736
640
737
641
738
642
739
643
740
644
741
645
742
646
743
647
744
648
745
649
746
650
747
651
748
652
749
653
750
654
751
655
752
656
753
657
754
658
755
659
756
757
661
758
662
759
663
760
664
761
665
762
666
763
667
764
668
765
669
766
670
767
671
768
672
769
673
770
674
771
675
772
676
773
677
774
678
775
679
776
680
777
681
778
682
779
683
780
684
781
685
782
686
783
687
784
688
785
689
786
690
787
691
788
692
789
693
790
694
791
695
792
696
793
697
794
698
795
699
796
700
797
701
798
702
799
703
800
704
801
705
802
706
803
707
804
708
805
709
806
710
807
711
808
712
809
713
810
714
811
715
812
716
813
717
814
718
815
719
816
720
817
721
818
722
819
723
820
724
821
725
822
726
823
727
824
728
825
729
826
730
827
731
828
732
829
733
830
734
831
735
832
736
833
737
834
738
835
739
836
740
837
741
838
742
839
743
840
744
841
745
842
746
843
747
844
748
845
749
846
750
847
751
848
752
849
753
850
754
851
755
852
756
853
757
854
855
759
856
760
857
761
858
762
859
763
860
764
861
765
862
766
863
767
864
768
865
769
866
770
867
771
868
772
869
773
870
774
871
775
872
776
873
777
874
778
875
779
876
780
877
781
878
782
879
783
880
784
881
785
882
786
883
787
884
788
885
789
886
790
887
791
888
792
889
793
890
794
891
795
892
796
893
797
894
798
895
799
896
800
897
801
898
802
899
803
900
804
901
805
902
806
903
807
904
808
905
809
906
810
907
811
908
812
909
813
910
814
911
815
912
816
913
817
914
818
915
819
916
820
917
821
918
822
919
823
920
824
921
825
922
826
923
827
924
828
925
829
926
830
927
831
928
832
929
833
930
834
931
835
932
836
933
837
934
838
935
839
936
840
937
841
938
842
939
843
940
844
941
845
942
846
943
847
944
848
945
849
946
850
947
851
948
852
949
853
950
854
951
855
952
953
857
954
858
955
859
956
860
957
861
958
862
959
863
960
864
961
865
962
866
963
867
964
868
965
869
966
870
967
871
968
872
969
873
970
874
971
875
972
876
973
877
974
878
975
879
976
880
977
881
978
882
979
883
980
884
981
885
982
886
983
887
984
888
985
889
986
890
987
891
988
892
989
893
990
894
991
895
992
896
993
897
994
898
995
899
996
900
997
901
998
902
999
903
1000
904
1001
905
1002
906
1003
907
1004
908
1005
909
1006
910
1007
911
1008
912
1009
913
1010
914
1011
915
1012
916
1013
917
1014
918
1015
919
1016
920
1017
921
1018
922
1019
923
1020
924
1021
925
1022
926
1023
927
1024
928
1025
929
1026
930
1027
931
1028
932
1029
933
1030
934
1031
935
1032
936
1033
937
1034
938
1035
939
1036
940
1037
941
1038
942
1039
943
1040
944
1041
945
1042
946
1043
947
1044
948
1045
949
1046
950
1047
951
1048
952
1049
953
1050
1051
955
1052
956
1053
957
1054
958
1055
959
1056
960
1057
961
1058
962
1059
963
1060
964
1061
965
1062
966
1063
967
1064
968
1065
969
1066
970
1067
971
1068
972
1069
973
1070
974
1071
975
1072
976
1073
977
1074
978
1075
979
1076
980
1077
981
1078
982
1079
983
1080
984
1081
985
1082
986
1083
987
1084
988
1085
989
1086
990
1087
991
1088
992
1089
993
1090
994
1091
995
1092
996
1093
997
1094
998
1095
999
1096
1000
1097
1001
1098
1002
1099
1003
1100
1004
1101
1005
1102
1006
1103
1007
1104
1008
1105
1009
1106
1010
1107
1011
1108
1012
1109
1013
1110
1014
1111
1015
1112
1016
1113
1017
1114
1018
1115
1019
1116
1020
1117
1021
1118
1022
1119
1023
1120
1024
1121
1025
1122
1026
1123
1027
1124
1028
1125
1029
1126
1030
1127
1031
1128
1032
1129
1033
1130
1034
1131
1035
1132
1036
1133
1037
1134
1038
1135
1039
1136
1040
1137
1041
1138
1042
1139
1043
1140
1044
1141
1045
1142
1046
1143
1047
1144
1048
1145
1049
1146
1050
1147
1051
1148
1149
1053
1150
1054
1151
1055
1152
1056
1153
1057
1154
1058
1155
1059
1156
1060
1157
1061
1158
1062
1159
1063
1160
1064
1161
1065
1162
1066
1163
1067
1164
1068
1165
1069
1166
1070
1167
1071
1168
1072
1169
1073
1170
1074
1171
1075
1172
1076
1173
1077
1174
1078
1175
1079
1176
1080
1177
1081
1178
1082
1179
1083
1180
1084
1181
1085
1182
1086
1183
1087
1184
1088
1185
1089
1186
1090
1187
1091
1188
1092
1189
1093
1190
1094
1191
1095
1192
1096
1193
1097
1194
1098
1195
1099
1196
1100
1197
1101
1198
1102
1199
1103
1200
1104
1201
1105
1202
1106
1203
1107
1204
1108
1205
1109
1206
1110
1207
1111
1208
1112
1209
1113
1210
1114
1211
1115
1212
1116
1213
1117
1214
1118
1215
1119
1216
1120
1217
1121
1218
1122
1219
1123
1220
1124
1221
1125
1222
1126
1223
1127
1224
1128
1225
1129
1226
1130
1227
1131
1228
1132
1229
1133
1230
1134
1231
1135
1232
1136
1233
1137
1234
1138
1235
1139
1236
1140
1237
1141
1238
1142
1239
1143
1240
1144
1241
1145
1242
1146
1243
1147
1244
1148
1245
1149
1246
1247
1151
1248
1152
1249
1153
1250
1154
1251
1155
1252
1156
1253
1157
1254
1158
1255
1159
1256
1160
1257
1161
1258
1162
1259
1163
1260
1164
1261
1165
1262
1166
1263
1167
1264
1168
1265
1169
1266
1170
1267
1171
1268
1172
1269
1173
1270
1174
1271
1175
1272
1176
1273
1177
1274
1178
1275
1179
1276
1180
1277
1181
1278
1182
1279
1183
1280
1184
1281
1185
1282
1186
1283
1187
1284
1188
1285
1189
1286
1190
1287
1191
1288
1192
1289
1193
1290
1194
1291
1195
1292
1196
1293
1197
1294
1198
1295
1199
1296
1200
1297
1201
1298
1202
1299
1203
1300
1204
1301
1205
1302
1206
1303
1207
1304
1208
1305
1209
1306
1210
1307
1211
1308
1212
1309
1213
1310
1214
1311
1215
1312
1216
1313
1217
1314
1218
1315
1219
1316
1220
1317
1221
1318
1222
1319
1223
1320
1224
1321
1225
1322
1226
1323
1227
1324
1228
1325
1229
1326
1230
1327
1231
1328
1232
1329
1233
1330
1234
1331
1235
1332
1236
1333
1237
1334
1238
1335
1239
1336
1240
1337
1241
1338
1242
1339
1243
1340
1244
1341
1245
1342
1246
1343
1247
1344
1345
1249
1346
1250
1347
1251
1348
1252
1349
1253
1350
1254
1351
1255
1352
1256
1353
1257
1354
1258
1355
1259
1356
1260
1357
1261
1358
1262
1359
1263
1360
1264
1361
1265
1362
1266
1363
1267
1364
1268
1365
1269
1366
1270
1367
1271
1368
1272
1369
1273
1370
1274
1371
1275
1372
1276
1373
1277
1374
1278
1375
1279
1376
1280
1377
1281
1378
1282
1379
1283
1380
1284
1381
1285
1382
1286
1383
1287
1384
1288
1385
1289
1386
1290
1387
1291
1388
1292
1389
1293
1390
1294
1391
1295
1392
1296
1393
1297
1394
1298
1395
1299
1396
1300
1397
1301
1398
1302
1399
1303
1400
1304
1401
1305
1402
1306
1403
1307
1404
1308
1405
1309
1406
1310
1407
1311
1408
1312
1409
1313
1410
1314
1411
1315
1412
1316
1413
1317
1414
1318
1415
1319
1416
1320
1417
1321
1418
1322
1419
1323
1420
1324
1421
1325
1422
1326
1423
1327
1424
1328
1425
1329
1426
1330
1427
1331
1428
1332
1429
1333
1430
1334
1431
1335
1432
1336
1433
1337
1434
1338
1435
1339
1436
1340
1437
1341
1438
1342
1439
1343
1440
1344
1441
1345
1442
1443
1347
1444
1348
1445
1349
1446
1350
1447
1351
1448
1352
1449
1353
1450
1354
1451
1355
1452
1356
1453
1357
1454
1358
1455
1359
1456
1360
1457
1361
1458
1362
1459
1363
1460
1364
1461
1365
1462
1366
1463
1367
1464
1368
1465
1369
1466
1370
1467
1371
1468
1372
1469
1373
1470
1374
1471
1375
1472
1376
1473
1377
1474
1378
1475
1379
1476
1380
1477
1381
1478
1382
1479
1383
1480
1384
1481
1385
1482
1386
1483
1387
1484
1388
1485
1389
1486
1390
1487
1391
1488
1392
1489
1393
1490
1394
1491
1395
1492
1396
1493
1397
1494
1398
1495
1399
1496
1400
1497
1401
1498
1402
1499
1403
1500
1404
1501
1405
1502
1406
1503
1407
1504
1408
1505
1409
1506
1410
1507
1411
1508
1412
1509
1413
1510
1414
1511
1415
1512
1416
1513
1417
1514
1418
1515
1419
1516
1420
1517
1421
1518
1422
1519
1423
1520
1424
1521
1425
1522
1426
1523
1427
1524
1428
1525
1429
1526
1430
1527
1431
1528
1432
1529
1433
1530
1434
1531
1435
1532
1436
1533
1437
1534
1438
1535
1439
1536
1440
1537
1441
1538
1442
1539
1443
1540
1541
1445
1542
1446
1543
1447
1544
1448
1545
1449
1546
1450
1547
1451
1548
1452
1549
1453
1550
1454
1551
1455
1552
1456
1553
1457
1554
1458
1555
1459
1556
1460
1557
1461
1558
1462
1559
1463
1560
1464
1561
1465
1562
1466
1563
1467
1564
1468
1565
1469
1566
1470
1567
1471
1568
1472
1569
1473
1570
1474
1571
1475
1572
1476
1573
1477
1574
1478
1575
1479
1576
1480
1577
1481
1578
1482
1579
1483
1580
1484
1581
1485
1582
1486
1583
1487
1584
1488
1585
1489
1586
1490
1587
1491
1588
1492
1589
1493
1590
1494
1591
1495
1592
1496
1593
1497
1594
1498
1595
1499
1596
1500
1597
1501
1598
1502
1599
1503
1600
1504
1601
1505
1602
1506
1603
1507
1604
1508
1605
1509
1606
1510
1607
1511
1608
1512
1609
1513
1610
1514
1611
1515
1612
1516
1613
1517
1614
1518
1615
1519
1616
1520
1617
1521
1618
1522
1619
1523
1620
1524
1621
1525
1622
1526
1623
1527
1624
1528
1625
1529
1626
1530
1627
1531
1628
1532
1629
1533
1630
1534
1631
1535
1632
1536
1633
1537
1634
1538
1635
1539
1636
1540
1637
1541
1638
1639
1543
1640
1544
1641
1545
1642
1546
1643
1547
1644
1548
1645
1549
1646
1550
1647
1551
1648
1552
1649
1553
1650
1554
1651
1555
1652
1556
1653
1557
1654
1558
1655
1559
1656
1560
1657
1561
1658
1562
1659
1563
1660
1564
1661
1565
1662
1566
1663
1567
1664
1568
1665
1569
1666
1570
1667
1571
1668
1572
1669
1573
1670
1574
1671
1575
1672
1576
1673
1577
1674
1578
1675
1579
1676
1580
1677
1581
1678
1582
1679
1583
1680
1584
1681
1585
1682
1586
1683
1587
1684
1588
1685
1589
1686
1590
1687
1591
1688
1592
1689
1593
1690
1594
1691
1595
1692
1596
1693
1597
1694
1598
1695
1599
1696
1600
1697
1601
1698
1602
1699
1603
1700
1604
1701
1605
1702
1606
1703
1607
1704
1608
1705
1609
1706
1610
1707
1611
1708
1612
1709
1613
1710
1614
1711
1615
1712
1616
1713
1617
1714
1618
1715
1619
1716
1620
1717
1621
1718
1622
1719
1623
1720
1624
1721
1625
1722
1626
1723
1627
1724
1628
1725
1629
1726
1630
1727
1631
1728
1632
1729
1633
1730
1634
1731
1635
1732
1636
1733
1637
1734
1638
1735
1639
1736
1737
1641
1738
1642
1739
1643
1740
1644
1741
1645
1742
1646
1743
1647
1744
1648
1745
1649
1746
1650
1747
1651
1748
1652
1749
1653
1750
1654
1751
1655
1752
1656
1753
1657
1754
1658
1755
1659
1756
1660
1757
1661
1758
1662
1759
1663
1760
1664
1761
1665
1762
1666
1763
1667
1764
1668
1765
1669
1766
1670
1767
1671
1768
1672
1769
1673
1770
1674
1771
1675
1772
1676
1773
1677
1774
1678
1775
1679
1776
1680
1777
1681
1778
1682
1779
1683
1780
1684
1781
1685
1782
1686
1783
1687
1784
1688
1785
1689
1786
1690
1787
1691
1788
1692
1789
1693
1790
1694
1791
1695
1792
1696
1793
1697
1794
1698
1795
1699
1796
1700
1797
1701
1798
1702
1799
1703
1800
1704
1801
1705
1802
1706
1803
1707
1804
1708
1805
1709
1806
1710
1807
1711
1808
1712
1809
1713
1810
1714
1811
1715
1812
1716
1813
1717
1814
1718
1815
1719
1816
1720
1817
1721
1818
1722
1819
1723
1820
1724
1821
1725
1822
1726
1823
1727
1824
1728
1825
1729
1826
1730
1827
1731
1828
1732
1829
1733
1830
1734
1831
1735
1832
1736
1833
1737
1834
1835
1739
1836
1740
1837
1741
1838
1742
1839
1743
1840
1744
1841
1745
1842
1746
1843
1747
1844
1748
1845
1749
1846
1750
1847
1751
1848
1752
1849
1753
1850
1754
1851
1755
1852
1756
1853
1757
1854
1758
1855
1759
1856
1760
1857
1761
1858
1762
1859
1763
1860
1764
1861
1765
1862
1766
1863
1767
1864
1768
1865
1769
1866
1770
1867
1771
1868
1772
1869
1773
1870
1774
1871
1775
1872
1776
1873
1777
1874
1778
1875
1779
1876
1780
1877
1781
1878
1782
1879
1783
1880
1784
1881
1785
1882
1786
1883
1787
1884
1788
1885
1789
1886
1790
1887
1791
1888
1792
1889
1793
1890
1794
1891
1795
1892
1796
1893
1797
1894
1798
1895
1799
1896
1800
1897
1801
1898
1802
1899
1803
1900
1804
1901
1805
1902
1806
1903
1807
1904
1808
1905
1809
1906
1810
1907
1811
1908
1812
1909
1813
1910
1814
1911
1815
1912
1816
1913
1817
1914
1818
1915
1819
1916
1820
1917
1821
1918
1822
1919
1823
1920
1824
1921
1825
1922
1826
1923
1827
1924
1828
1925
1829
1926
1830
1927
1831
1928
1832
1929
1833
1930
1834
1931
1835
1932
1933
1837
1934
1838
1935
1839
1936
1840
1937
1841
1938
1842
1939
1843
1940
1844
1941
1845
1942
1846
1943
1847
1944
1848
1945
1849
1946
1850
1947
1851
1948
1852
1949
1853
1950
1854
1951
1855
1952
1856
1953
1857
1954
1858
1955
1859
1956
1860
1957
1861
1958
1862
1959
1863
1960
1864
1961
1865
1962
1866
1963
1867
1964
1868
1965
1869
1966
1870
1967
1871
1968
1872
1969
1873
1970
1874
1971
1875
1972
1876
1973
1877
1974
1878
1975
1879
1976
1880
1977
1881
1978
1882
1979
1883
1980
1884
1981
1885
1982
1886
1983
1887
1984
1888
1985
1889
1986
1890
1987
1891
1988
1892
1989
1893
1990
1894
1991
1895
1992
1896
1993
1897
1994
1898
1995
1899
1996
1900
1997
1901
1998
1902
1999
1903
2000
1904
2001
1905
2002
1906
2003
1907
2004
1908
2005
1909
2006
1910
2007
1911
2008
1912
2009
1913
2010
1914
2011
1915
2012
1916
2013
1917
2014
1918
2015
1919
2016
1920
2017
1921
2018
1922
2019
1923
2020
1924
2021
1925
2022
1926
2023
1927
2024
1928
2025
1929
2026
1930
2027
1931
2028
1932
2029
1933
2030
2031
1935
2032
1936
2033
1937
2034
1938
2035
1939
2036
1940
2037
1941
2038
1942
2039
1943
2040
1944
2041
1945
2042
1946
2043
1947
2044
1948
2045
1949
2046
1950
2047
1951
2048
1952
2049
1953
2050
1954
2051
1955
2052
1956
2053
1957
2054
1958
2055
1959
2056
1960
2057
1961
2058
1962
2059
1963
2060
1964
2061
1965
2062
1966
2063
1967
2064
1968
2065
1969
2066
1970
2067
1971
2068
1972
2069
1973
2070
1974
2071
1975
2072
1976
2073
1977
2074
1978
2075
1979
2076
1980
2077
1981
2078
1982
2079
1983
2080
1984
2081
1985
2082
1986
2083
1987
2084
1988
2085
1989
2086
1990
2087
1991
2088
1992
2089
1993
2090
1994
2091
1995
2092
1996
2093
1997
2094
1998
2095
1999
2096
2000
2097
2001
2098
2002
2099
2003
2100
2004
2101
2005
2102
2006
2103
2007
2104
2008
2105
2009
2106
2010
2107
2011
2108
2012
2109
2013
2110
2014
2111
2015
2112
2016
2113
2017
2114
2018
2115
2019
2116
2020
2117
2021
2118
2022
2119
2023
2120
2024
2121
2025
2122
2026
2123
2027
2124
2028
2125
2029
2126
2030
2127
2031
2128
2129
2033
2130
2034
2131
2035
2132
2036
2133
2037
2134
2038
2135
2039
2136
2040
2137
2041
2138
2042
2139
2043
2140
2044
2141
2045
2142
2046
2143
2047
2144
2048
2145
2049
2146
2050
2147
2051
2148
2052
2149
2053
2150
2054
2151
2055
2152
2056
2153
2057
2154
2058
2155
2059
2156
2060
2157
2061
2158
2062
2159
2063
2160
2064
2161
2065
2162
2066
2163
2067
2164
2068
2165
2069
2166
2070
2167
2071
2168
2072
2169
2073
2170
2074
2171
2075
2172
2076
2173
2077
2174
2078
2175
2079
2176
2080
2177
2081
2178
2082
2179
2083
2180
2084
2181
2085
2182
2086
2183
2087
2184
2088
2185
2089
2186
2090
2187
2091
2188
2092
2189
2093
2190
2094
2191
2095
2192
2096
2193
2097
2194
2098
2195
2099
2196
2100
2197
2101
2198
2102
2199
2103
2200
2104
2201
2105
2202
2106
2203
2107
2204
2108
2205
2109
2206
2110
2207
2111
2208
2112
2209
2113
2210
2114
2211
2115
2212
2116
2213
2117
2214
2118
2215
2119
2216
2120
2217
2121
2218
2122
2219
2123
2220
2124
2221
2125
2222
2126
2223
2127
2224
2128
2225
2129
2226
2227
2131
2228
2132
2229
2133
2230
2134
2231
2135
2232
2136
2233
2137
2234
2138
2235
2139
2236
2140
2237
2141
2238
2142
2239
2143
2240
2144
2241
2145
2242
2146
2243
2147
2244
2148
2245
2149
2246
2150
2247
2151
2248
2152
2249
2153
2250
2154
2251
2155
2252
2156
2253
2157
2254
2158
2255
2159
2256
2160
2257
2161
2258
2162
2259
2163
2260
2164
2261
2165
2262
2166
2263
2167
2264
2168
2265
2169
2266
2170
2267
2171
2268
2172
2269
2173
2270
2174
2271
2175
2272
2176
2273
2177
2274
2178
2275
2179
2276
2180
2277
2181
2278
2182
2279
2183
2280
2184
2281
2185
2282
2186
2283
2187
2284
2188
2285
2189
2286
2190
2287
2191
2288
2192
2289
2193
2290
2194
2291
2195
2292
2196
2293
2197
2294
2198
2295
2199
2296
2200
2297
2201
2298
2202
2299
2203
2300
2204
2301
2205
2302
2206
2303
2207
2304
2208
2305
2209
2306
2210
2307
2211
2308
2212
2309
2213
2310
2214
2311
2215
2312
2216
2313
2217
2314
2218
2315
2219
2316
2220
2317
2221
2318
2222
2319
2223
2320
2224
2321
2225
2322
2226
2323
2227
2324
2325
2229
2326
2230
2327
2231
2328
2232
2329
2233
2330
2234
2331
2235
2332
2236
2333
2237
2334
2238
2335
2239
2336
2240
2337
2241
2338
2242
2339
2243
2340
2244
2341
2245
2342
2246
2343
2247
2344
2248
2345
2249
2346
2250
2347
2251
2348
2252
2349
2253
2350
2254
2351
2255
2352
2256
2353
2257
2354
2258
2355
2259
2356
2260
2357
2261
2358
2262
2359
2263
2360
2264
2361
2265
2362
2266
2363
2267
2364
2268
2365
2269
2366
2270
2367
2271
2368
2272
2369
2273
2370
2274
2371
2275
2372
2276
2373
2277
2374
2278
2375
2279
2376
2280
2377
2281
2378
2282
2379
2283
2380
2284
2381
2285
2382
2286
2383
2287
2384
2288
2385
2289
2386
2290
2387
2291
2388
2292
2389
2293
2390
2294
2391
2295
2392
2296
2393
2297
2394
2298
2395
2299
2396
2300
2397
2301
2398
2302
2399
2303
2400
2304
2401
2305
2402
2306
2403
2307
2404
2308
2405
2309
2406
2310
2407
2311
2408
2312
2409
2313
2410
2314
2411
2315
2412
2316
2413
2317
2414
2318
2415
2319
2416
2320
2417
2321
2418
2322
2419
2323
2420
2324
2421
2325
2422
2423
2327
2424
2328
2425
2329
2426
2330
2427
2331
2428
2332
2429
2333
2430
2334
2431
2335
2432
2336
2433
2337
2434
2338
2435
2339
2436
2340
2437
2341
2438
2342
2439
2343
2440
2344
2441
2345
2442
2346
2443
2347
2444
2348
2445
2349
2446
2350
2447
2351
2448
2352
2449
2353
2450
2354
2451
2355
2452
2356
2453
2357
2454
2358
2455
2359
2456
2360
2457
2361
2458
2362
2459
2363
2460
2364
2461
2365
2462
2366
2463
2367
2464
2368
2465
2369
2466
2370
2467
2371
2468
2372
2469
2373
2470
2374
2471
2375
2472
2376
2473
2377
2474
2378
2475
2379
2476
2380
2477
2381
2478
2382
2479
2383
2480
2384
2481
2385
2482
2386
2483
2387
2484
2388
2485
2389
2486
2390
2487
2391
2488
2392
2489
2393
2490
2394
2491
2395
2492
2396
2493
2397
2494
2398
2495
2399
2496
2400
2497
2401
2498
2402
2499
2403
2500
2404
2501
2405
2502
2406
2503
2407
2504
2408
2505
2409
2506
2410
2507
2411
2508
2412
2509
2413
2510
2414
2511
2415
2512
2416
2513
2417
2514
2418
2515
2419
2516
2420
2517
2421
2518
2422
2519
2423
2520
2521
2425
2522
2426
2523
2427
2524
2428
2525
2429
2526
2430
2527
2431
2528
2432
2529
2433
2530
2434
2531
2435
2532
2436
2533
2437
2534
2438
2535
2439
2536
2440
2537
2441
2538
2442
2539
2443
2540
2444
2541
2445
2542
2446
2543
2447
2544
2448
2545
2449
2546
2450
2547
2451
2548
2452
2549
2453
2550
2454
2551
2455
2552
2456
2553
2457
2554
2458
2555
2459
2556
2460
2557
2461
2558
2462
2559
2463
2560
2464
2561
2465
2562
2466
2563
2467
2564
2468
2565
2469
2566
2470
2567
2471
2568
2472
2569
2473
2570
2474
2571
2475
2572
2476
2573
2477
2574
2478
2575
2479
2576
2480
2577
2481
2578
2482
2579
2483
2580
2484
2581
2485
2582
2486
2583
2487
2584
2488
2585
2489
2586
2490
2587
2491
2588
2492
2589
2493
2590
2494
2591
2495
2592
2496
2593
2497
2594
2498
2595
2499
2596
2500
2597
2501
2598
2502
2599
2503
2600
2504
2601
2505
2602
2506
2603
2507
2604
2508
2605
2509
2606
2510
2607
2511
2608
2512
2609
2513
2610
2514
2611
2515
2612
2516
2613
2517
2614
2518
2615
2519
2616
2520
2617
2521
2618
2619
2523
2620
2524
2621
2525
2622
2526
2623
2527
2624
2528
2625
2529
2626
2530
2627
2531
2628
2532
2629
2533
2630
2534
2631
2535
2632
2536
2633
2537
2634
2538
2635
2539
2636
2540
2637
2541
2638
2542
2639
2543
2640
2544
2641
2545
2642
2546
2643
2547
2644
2548
2645
2549
2646
2550
2647
2551
2648
2552
2649
2553
2650
2554
2651
2555
2652
2556
2653
2557
2654
2558
2655
2559
2656
2560
2657
2561
2658
2562
2659
2563
2660
2564
2661
2565
2662
2566
2663
2567
2664
2568
2665
2569
2666
2570
2667
2571
2668
2572
2669
2573
2670
2574
2671
2575
2672
2576
2673
2577
2674
2578
2675
2579
2676
2580
2677
2581
2678
2582
2679
2583
2680
2584
2681
2585
2682
2586
2683
2587
2684
2588
2685
2589
2686
2590
2687
2591
2688
2592
2689
2593
2690
2594
2691
2595
2692
2596
2693
2597
2694
2598
2695
2599
2696
2600
2697
2601
2698
2602
2699
2603
2700
2604
2701
2605
2702
2606
2703
2607
2704
2608
2705
2609
2706
2610
2707
2611
2708
2612
2709
2613
2710
2614
2711
2615
2712
2616
2713
2617
2714
2618
2715
2619
2716
2717
2621
2718
2622
2719
2623
2720
2624
2721
2625
2722
2626
2723
2627
2724
2628
2725
2629
2726
2630
2727
2631
2728
2632
2729
2633
2730
2634
2731
2635
2732
2636
2733
2637
2734
2638
2735
2639
2736
2640
2737
2641
2738
2642
2739
2643
2740
2644
2741
2645
2742
2646
2743
2647
2744
2648
2745
2649
2746
2650
2747
2651
2748
2652
2749
2653
2750
2654
2751
2655
2752
2656
2753
2657
2754
2658
2755
2659
2756
2660
2757
2661
2758
2662
2759
2663
2760
2664
2761
2665
2762
2666
2763
2667
2764
2668
2765
2669
2766
2670
2767
2671
2768
2672
2769
2673
2770
2674
2771
2675
2772
2676
2773
2677
2774
2678
2775
2679
2776
2680
2777
2681
2778
2682
2779
2683
2780
2684
2781
2685
2782
2686
2783
2687
2784
2688
2785
2689
2786
2690
2787
2691
2788
2692
2789
2693
2790
2694
2791
2695
2792
2696
2793
2697
2794
2698
2795
2699
2796
2700
2797
2701
2798
2702
2799
2703
2800
2704
2801
2705
2802
2706
2803
2707
2804
2708
2805
2709
2806
2710
2807
2711
2808
2712
2809
2713
2810
2714
2811
2715
2812
2716
2813
2717
2814
2815
2719
2816
2720
2817
2721
2818
2722
2819
2723
2820
2724
2821
2725
2822
2726
2823
2727
2824
2728
2825
2729
2826
2730
2827
2731
2828
2732
2829
2733
2830
2734
2831
2735
2832
2736
2833
2737
2834
2738
2835
2739
2836
2740
2837
2741
2838
2742
2839
2743
2840
2744
2841
2745
2842
2746
2843
2747
2844
2748
2845
2749
2846
2750
2847
2751
2848
2752
2849
2753
2850
2754
2851
2755
2852
2756
2853
2757
2854
2758
2855
2759
2856
2760
2857
2761
2858
2762
2859
2763
2860
2764
2861
2765
2862
2766
2863
2767
2864
2768
2865
2769
2866
2770
2867
2771
2868
2772
2869
2773
2870
2774
2871
2775
2872
2776
2873
2777
2874
2778
2875
2779
2876
2780
2877
2781
2878
2782
2879
2783
2880
2784
2881
2785
2882
2786
2883
2787
2884
2788
2885
2789
2886
2790
2887
2791
2888
2792
2889
2793
2890
2794
2891
2795
2892
2796
2893
2797
2894
2798
2895
2799
2896
2800
2897
2801
2898
2802
2899
2803
2900
2804
2901
2805
2902
2806
2903
2807
2904
2808
2905
2809
2906
2810
2907
2811
2908
2812
2909
2813
2910
2814
2911
2815
2912
2913
2817
2914
2818
2915
2819
2916
2820
2917
2821
2918
2822
2919
2823
2920
2824
2921
2825
2922
2826
2923
2827
2924
2828
2925
2829
2926
2830
2927
2831
2928
2832
2929
2833
2930
2834
2931
2835
2932
2836
2933
2837
2934
2838
2935
2839
2936
2840
2937
2841
2938
2842
2939
2843
2940
2844
2941
2845
2942
2846
2943
2847
2944
2848
2945
2849
2946
2850
2947
2851
2948
2852
2949
2853
2950
2854
2951
2855
2952
2856
2953
2857
2954
2858
2955
2859
2956
2860
2957
2861
2958
2862
2959
2863
2960
2864
2961
2865
2962
2866
2963
2867
2964
2868
2965
2869
2966
2870
2967
2871
2968
2872
2969
2873
2970
2874
2971
2875
2972
2876
2973
2877
2974
2878
2975
2879
2976
2880
2977
2881
2978
2882
2979
2883
2980
2884
2981
2885
2982
2886
2983
2887
2984
2888
2985
2889
2986
2890
2987
2891
2988
2892
2989
2893
2990
2894
2991
2895
2992
2896
2993
2897
2994
2898
2995
2899
2996
2900
2997
2901
2998
2902
2999
2903
2904
2905
2906
2907
2908
2909
2910
2911
2912
2913
2915
3000
2916
3001
2917
3002
2918
3003
2919
3004
2920
3005
2921
3006
2922
3007
2923
3008
2924
3009
2925
3010
2926
3011
2927
3012
2928
3013
2929
3014
2930
3015
2931
3016
2932
3017
2933
3018
2934
3019
2935
3020
2936
3021
2937
3022
2938
3023
2939
2940
2941
2942
2943
2944
2945
2946
2947
2948
2949
2950
2951
2952
2953
2954
2955
2956
2957
2958
2959
2960
2961
2962
2963
2964
2965
2966
2967
2968
2969
2970
2971
2972
2973
2974
2975
2976
2977
2978
2979
2980
2981
2982
2983
2984
2985
2986
2987
2988
2989
2990
2991
2992
2993
2994
2995
2996
2997
2998
2999
3001
3002
3003
3004
3005
3006
3007
3008
3009
3010
3011
3012
3013
3014
3015
3016
3017
3018
3019
3020
3021
3022
3023
)


// ************************************************************************* //
