/*--------------------------------*- C++ -*----------------------------------*\
| =========                 |                                                 |
| \\      /  F ield         | OpenFOAM: The Open Source CFD Toolbox           |
|  \\    /   O peration     | Version:  2306                                  |
|   \\  /    A nd           | Website:  www.openfoam.com                      |
|    \\/     M anipulation  |                                                 |
\*---------------------------------------------------------------------------*/
FoamFile
{
    version     2.0;
    format      ascii;
    arch        "LSB;label=32;scalar=64";
    note        "nPoints:6344  nCells:3024  nFaces:12243  nInternalFaces:5901";
    class       labelList;
    location    "constant/polyMesh";
    object      owner;
}
// * * * * * * * * * * * * * * * * * * * * * * * * * * * * * * * * * * * * * //


12243
(
0
0
1
1
2
2
3
3
4
4
5
5
6
6
7
7
8
8
9
9
10
10
11
11
12
12
13
13
14
14
15
15
16
16
17
17
18
18
19
19
20
20
21
21
22
22
23
23
24
24
25
25
26
26
27
27
28
28
29
29
30
30
31
31
32
32
33
33
34
34
35
35
36
36
37
37
38
38
39
39
40
40
41
41
42
42
43
43
44
44
45
45
46
46
47
47
48
48
49
49
50
50
51
51
52
52
53
53
54
55
56
57
58
59
60
61
62
63
64
65
66
67
68
69
70
71
72
72
73
73
74
74
75
75
76
76
77
77
78
78
79
79
80
80
81
81
82
82
83
83
84
84
85
85
86
86
87
87
88
88
89
89
90
90
91
91
92
92
93
93
94
94
95
95
96
96
97
97
98
98
99
99
100
100
101
101
102
102
103
103
104
104
105
105
106
106
107
107
108
108
109
109
110
110
111
111
112
112
113
113
114
114
115
115
116
116
117
117
118
118
119
119
120
120
121
121
122
122
123
123
124
124
125
125
126
126
127
127
128
128
129
129
130
130
131
131
132
132
133
133
134
134
135
135
136
136
137
137
138
138
139
139
140
140
141
141
142
142
143
143
144
144
145
145
146
146
147
147
148
148
149
149
150
150
151
151
152
152
153
153
154
154
155
155
156
156
157
157
158
158
159
159
160
160
161
161
162
162
163
163
164
164
165
165
166
166
167
167
168
168
169
170
170
171
171
172
172
173
173
174
174
175
175
176
176
177
177
178
178
179
179
180
180
181
181
182
182
183
183
184
184
185
185
186
186
187
187
188
188
189
189
190
190
191
191
192
192
193
193
194
194
195
195
196
196
197
197
198
198
199
199
200
200
201
201
202
202
203
203
204
204
205
205
206
206
207
207
208
208
209
209
210
210
211
211
212
212
213
213
214
214
215
215
216
216
217
217
218
218
219
219
220
220
221
221
222
222
223
223
224
224
225
225
226
226
227
227
228
228
229
229
230
230
231
231
232
232
233
233
234
234
235
235
236
236
237
237
238
238
239
239
240
240
241
241
242
242
243
243
244
244
245
245
246
246
247
247
248
248
249
249
250
250
251
251
252
252
253
253
254
254
255
255
256
256
257
257
258
258
259
259
260
260
261
261
262
262
263
263
264
264
265
265
266
266
267
268
268
269
269
270
270
271
271
272
272
273
273
274
274
275
275
276
276
277
277
278
278
279
279
280
280
281
281
282
282
283
283
284
284
285
285
286
286
287
287
288
288
289
289
290
290
291
291
292
292
293
293
294
294
295
295
296
296
297
297
298
298
299
299
300
300
301
301
302
302
303
303
304
304
305
305
306
306
307
307
308
308
309
309
310
310
311
311
312
312
313
313
314
314
315
315
316
316
317
317
318
318
319
319
320
320
321
321
322
322
323
323
324
324
325
325
326
326
327
327
328
328
329
329
330
330
331
331
332
332
333
333
334
334
335
335
336
336
337
337
338
338
339
339
340
340
341
341
342
342
343
343
344
344
345
345
346
346
347
347
348
348
349
349
350
350
351
351
352
352
353
353
354
354
355
355
356
356
357
357
358
358
359
359
360
360
361
361
362
362
363
363
364
364
365
366
366
367
367
368
368
369
369
370
370
371
371
372
372
373
373
374
374
375
375
376
376
377
377
378
378
379
379
380
380
381
381
382
382
383
383
384
384
385
385
386
386
387
387
388
388
389
389
390
390
391
391
392
392
393
393
394
394
395
395
396
396
397
397
398
398
399
399
400
400
401
401
402
402
403
403
404
404
405
405
406
406
407
407
408
408
409
409
410
410
411
411
412
412
413
413
414
414
415
415
416
416
417
417
418
418
419
419
420
420
421
421
422
422
423
423
424
424
425
425
426
426
427
427
428
428
429
429
430
430
431
431
432
432
433
433
434
434
435
435
436
436
437
437
438
438
439
439
440
440
441
441
442
442
443
443
444
444
445
445
446
446
447
447
448
448
449
449
450
450
451
451
452
452
453
453
454
454
455
455
456
456
457
457
458
458
459
459
460
460
461
461
462
462
463
464
464
465
465
466
466
467
467
468
468
469
469
470
470
471
471
472
472
473
473
474
474
475
475
476
476
477
477
478
478
479
479
480
480
481
481
482
482
483
483
484
484
485
485
486
486
487
487
488
488
489
489
490
490
491
491
492
492
493
493
494
494
495
495
496
496
497
497
498
498
499
499
500
500
501
501
502
502
503
503
504
504
505
505
506
506
507
507
508
508
509
509
510
510
511
511
512
512
513
513
514
514
515
515
516
516
517
517
518
518
519
519
520
520
521
521
522
522
523
523
524
524
525
525
526
526
527
527
528
528
529
529
530
530
531
531
532
532
533
533
534
534
535
535
536
536
537
537
538
538
539
539
540
540
541
541
542
542
543
543
544
544
545
545
546
546
547
547
548
548
549
549
550
550
551
551
552
552
553
553
554
554
555
555
556
556
557
557
558
558
559
559
560
560
561
562
562
563
563
564
564
565
565
566
566
567
567
568
568
569
569
570
570
571
571
572
572
573
573
574
574
575
575
576
576
577
577
578
578
579
579
580
580
581
581
582
582
583
583
584
584
585
585
586
586
587
587
588
588
589
589
590
590
591
591
592
592
593
593
594
594
595
595
596
596
597
597
598
598
599
599
600
600
601
601
602
602
603
603
604
604
605
605
606
606
607
607
608
608
609
609
610
610
611
611
612
612
613
613
614
614
615
615
616
616
617
617
618
618
619
619
620
620
621
621
622
622
623
623
624
624
625
625
626
626
627
627
628
628
629
629
630
630
631
631
632
632
633
633
634
634
635
635
636
636
637
637
638
638
639
639
640
640
641
641
642
642
643
643
644
644
645
645
646
646
647
647
648
648
649
649
650
650
651
651
652
652
653
653
654
654
655
655
656
656
657
657
658
658
659
660
660
661
661
662
662
663
663
664
664
665
665
666
666
667
667
668
668
669
669
670
670
671
671
672
672
673
673
674
674
675
675
676
676
677
677
678
678
679
679
680
680
681
681
682
682
683
683
684
684
685
685
686
686
687
687
688
688
689
689
690
690
691
691
692
692
693
693
694
694
695
695
696
696
697
697
698
698
699
699
700
700
701
701
702
702
703
703
704
704
705
705
706
706
707
707
708
708
709
709
710
710
711
711
712
712
713
713
714
714
715
715
716
716
717
717
718
718
719
719
720
720
721
721
722
722
723
723
724
724
725
725
726
726
727
727
728
728
729
729
730
730
731
731
732
732
733
733
734
734
735
735
736
736
737
737
738
738
739
739
740
740
741
741
742
742
743
743
744
744
745
745
746
746
747
747
748
748
749
749
750
750
751
751
752
752
753
753
754
754
755
755
756
756
757
758
758
759
759
760
760
761
761
762
762
763
763
764
764
765
765
766
766
767
767
768
768
769
769
770
770
771
771
772
772
773
773
774
774
775
775
776
776
777
777
778
778
779
779
780
780
781
781
782
782
783
783
784
784
785
785
786
786
787
787
788
788
789
789
790
790
791
791
792
792
793
793
794
794
795
795
796
796
797
797
798
798
799
799
800
800
801
801
802
802
803
803
804
804
805
805
806
806
807
807
808
808
809
809
810
810
811
811
812
812
813
813
814
814
815
815
816
816
817
817
818
818
819
819
820
820
821
821
822
822
823
823
824
824
825
825
826
826
827
827
828
828
829
829
830
830
831
831
832
832
833
833
834
834
835
835
836
836
837
837
838
838
839
839
840
840
841
841
842
842
843
843
844
844
845
845
846
846
847
847
848
848
849
849
850
850
851
851
852
852
853
853
854
854
855
856
856
857
857
858
858
859
859
860
860
861
861
862
862
863
863
864
864
865
865
866
866
867
867
868
868
869
869
870
870
871
871
872
872
873
873
874
874
875
875
876
876
877
877
878
878
879
879
880
880
881
881
882
882
883
883
884
884
885
885
886
886
887
887
888
888
889
889
890
890
891
891
892
892
893
893
894
894
895
895
896
896
897
897
898
898
899
899
900
900
901
901
902
902
903
903
904
904
905
905
906
906
907
907
908
908
909
909
910
910
911
911
912
912
913
913
914
914
915
915
916
916
917
917
918
918
919
919
920
920
921
921
922
922
923
923
924
924
925
925
926
926
927
927
928
928
929
929
930
930
931
931
932
932
933
933
934
934
935
935
936
936
937
937
938
938
939
939
940
940
941
941
942
942
943
943
944
944
945
945
946
946
947
947
948
948
949
949
950
950
951
951
952
952
953
954
954
955
955
956
956
957
957
958
958
959
959
960
960
961
961
962
962
963
963
964
964
965
965
966
966
967
967
968
968
969
969
970
970
971
971
972
972
973
973
974
974
975
975
976
976
977
977
978
978
979
979
980
980
981
981
982
982
983
983
984
984
985
985
986
986
987
987
988
988
989
989
990
990
991
991
992
992
993
993
994
994
995
995
996
996
997
997
998
998
999
999
1000
1000
1001
1001
1002
1002
1003
1003
1004
1004
1005
1005
1006
1006
1007
1007
1008
1008
1009
1009
1010
1010
1011
1011
1012
1012
1013
1013
1014
1014
1015
1015
1016
1016
1017
1017
1018
1018
1019
1019
1020
1020
1021
1021
1022
1022
1023
1023
1024
1024
1025
1025
1026
1026
1027
1027
1028
1028
1029
1029
1030
1030
1031
1031
1032
1032
1033
1033
1034
1034
1035
1035
1036
1036
1037
1037
1038
1038
1039
1039
1040
1040
1041
1041
1042
1042
1043
1043
1044
1044
1045
1045
1046
1046
1047
1047
1048
1048
1049
1049
1050
1050
1051
1052
1052
1053
1053
1054
1054
1055
1055
1056
1056
1057
1057
1058
1058
1059
1059
1060
1060
1061
1061
1062
1062
1063
1063
1064
1064
1065
1065
1066
1066
1067
1067
1068
1068
1069
1069
1070
1070
1071
1071
1072
1072
1073
1073
1074
1074
1075
1075
1076
1076
1077
1077
1078
1078
1079
1079
1080
1080
1081
1081
1082
1082
1083
1083
1084
1084
1085
1085
1086
1086
1087
1087
1088
1088
1089
1089
1090
1090
1091
1091
1092
1092
1093
1093
1094
1094
1095
1095
1096
1096
1097
1097
1098
1098
1099
1099
1100
1100
1101
1101
1102
1102
1103
1103
1104
1104
1105
1105
1106
1106
1107
1107
1108
1108
1109
1109
1110
1110
1111
1111
1112
1112
1113
1113
1114
1114
1115
1115
1116
1116
1117
1117
1118
1118
1119
1119
1120
1120
1121
1121
1122
1122
1123
1123
1124
1124
1125
1125
1126
1126
1127
1127
1128
1128
1129
1129
1130
1130
1131
1131
1132
1132
1133
1133
1134
1134
1135
1135
1136
1136
1137
1137
1138
1138
1139
1139
1140
1140
1141
1141
1142
1142
1143
1143
1144
1144
1145
1145
1146
1146
1147
1147
1148
1148
1149
1150
1150
1151
1151
1152
1152
1153
1153
1154
1154
1155
1155
1156
1156
1157
1157
1158
1158
1159
1159
1160
1160
1161
1161
1162
1162
1163
1163
1164
1164
1165
1165
1166
1166
1167
1167
1168
1168
1169
1169
1170
1170
1171
1171
1172
1172
1173
1173
1174
1174
1175
1175
1176
1176
1177
1177
1178
1178
1179
1179
1180
1180
1181
1181
1182
1182
1183
1183
1184
1184
1185
1185
1186
1186
1187
1187
1188
1188
1189
1189
1190
1190
1191
1191
1192
1192
1193
1193
1194
1194
1195
1195
1196
1196
1197
1197
1198
1198
1199
1199
1200
1200
1201
1201
1202
1202
1203
1203
1204
1204
1205
1205
1206
1206
1207
1207
1208
1208
1209
1209
1210
1210
1211
1211
1212
1212
1213
1213
1214
1214
1215
1215
1216
1216
1217
1217
1218
1218
1219
1219
1220
1220
1221
1221
1222
1222
1223
1223
1224
1224
1225
1225
1226
1226
1227
1227
1228
1228
1229
1229
1230
1230
1231
1231
1232
1232
1233
1233
1234
1234
1235
1235
1236
1236
1237
1237
1238
1238
1239
1239
1240
1240
1241
1241
1242
1242
1243
1243
1244
1244
1245
1245
1246
1246
1247
1248
1248
1249
1249
1250
1250
1251
1251
1252
1252
1253
1253
1254
1254
1255
1255
1256
1256
1257
1257
1258
1258
1259
1259
1260
1260
1261
1261
1262
1262
1263
1263
1264
1264
1265
1265
1266
1266
1267
1267
1268
1268
1269
1269
1270
1270
1271
1271
1272
1272
1273
1273
1274
1274
1275
1275
1276
1276
1277
1277
1278
1278
1279
1279
1280
1280
1281
1281
1282
1282
1283
1283
1284
1284
1285
1285
1286
1286
1287
1287
1288
1288
1289
1289
1290
1290
1291
1291
1292
1292
1293
1293
1294
1294
1295
1295
1296
1296
1297
1297
1298
1298
1299
1299
1300
1300
1301
1301
1302
1302
1303
1303
1304
1304
1305
1305
1306
1306
1307
1307
1308
1308
1309
1309
1310
1310
1311
1311
1312
1312
1313
1313
1314
1314
1315
1315
1316
1316
1317
1317
1318
1318
1319
1319
1320
1320
1321
1321
1322
1322
1323
1323
1324
1324
1325
1325
1326
1326
1327
1327
1328
1328
1329
1329
1330
1330
1331
1331
1332
1332
1333
1333
1334
1334
1335
1335
1336
1336
1337
1337
1338
1338
1339
1339
1340
1340
1341
1341
1342
1342
1343
1343
1344
1344
1345
1346
1346
1347
1347
1348
1348
1349
1349
1350
1350
1351
1351
1352
1352
1353
1353
1354
1354
1355
1355
1356
1356
1357
1357
1358
1358
1359
1359
1360
1360
1361
1361
1362
1362
1363
1363
1364
1364
1365
1365
1366
1366
1367
1367
1368
1368
1369
1369
1370
1370
1371
1371
1372
1372
1373
1373
1374
1374
1375
1375
1376
1376
1377
1377
1378
1378
1379
1379
1380
1380
1381
1381
1382
1382
1383
1383
1384
1384
1385
1385
1386
1386
1387
1387
1388
1388
1389
1389
1390
1390
1391
1391
1392
1392
1393
1393
1394
1394
1395
1395
1396
1396
1397
1397
1398
1398
1399
1399
1400
1400
1401
1401
1402
1402
1403
1403
1404
1404
1405
1405
1406
1406
1407
1407
1408
1408
1409
1409
1410
1410
1411
1411
1412
1412
1413
1413
1414
1414
1415
1415
1416
1416
1417
1417
1418
1418
1419
1419
1420
1420
1421
1421
1422
1422
1423
1423
1424
1424
1425
1425
1426
1426
1427
1427
1428
1428
1429
1429
1430
1430
1431
1431
1432
1432
1433
1433
1434
1434
1435
1435
1436
1436
1437
1437
1438
1438
1439
1439
1440
1440
1441
1441
1442
1442
1443
1444
1444
1445
1445
1446
1446
1447
1447
1448
1448
1449
1449
1450
1450
1451
1451
1452
1452
1453
1453
1454
1454
1455
1455
1456
1456
1457
1457
1458
1458
1459
1459
1460
1460
1461
1461
1462
1462
1463
1463
1464
1464
1465
1465
1466
1466
1467
1467
1468
1468
1469
1469
1470
1470
1471
1471
1472
1472
1473
1473
1474
1474
1475
1475
1476
1476
1477
1477
1478
1478
1479
1479
1480
1480
1481
1481
1482
1482
1483
1483
1484
1484
1485
1485
1486
1486
1487
1487
1488
1488
1489
1489
1490
1490
1491
1491
1492
1492
1493
1493
1494
1494
1495
1495
1496
1496
1497
1497
1498
1498
1499
1499
1500
1500
1501
1501
1502
1502
1503
1503
1504
1504
1505
1505
1506
1506
1507
1507
1508
1508
1509
1509
1510
1510
1511
1511
1512
1512
1513
1513
1514
1514
1515
1515
1516
1516
1517
1517
1518
1518
1519
1519
1520
1520
1521
1521
1522
1522
1523
1523
1524
1524
1525
1525
1526
1526
1527
1527
1528
1528
1529
1529
1530
1530
1531
1531
1532
1532
1533
1533
1534
1534
1535
1535
1536
1536
1537
1537
1538
1538
1539
1539
1540
1540
1541
1542
1542
1543
1543
1544
1544
1545
1545
1546
1546
1547
1547
1548
1548
1549
1549
1550
1550
1551
1551
1552
1552
1553
1553
1554
1554
1555
1555
1556
1556
1557
1557
1558
1558
1559
1559
1560
1560
1561
1561
1562
1562
1563
1563
1564
1564
1565
1565
1566
1566
1567
1567
1568
1568
1569
1569
1570
1570
1571
1571
1572
1572
1573
1573
1574
1574
1575
1575
1576
1576
1577
1577
1578
1578
1579
1579
1580
1580
1581
1581
1582
1582
1583
1583
1584
1584
1585
1585
1586
1586
1587
1587
1588
1588
1589
1589
1590
1590
1591
1591
1592
1592
1593
1593
1594
1594
1595
1595
1596
1596
1597
1597
1598
1598
1599
1599
1600
1600
1601
1601
1602
1602
1603
1603
1604
1604
1605
1605
1606
1606
1607
1607
1608
1608
1609
1609
1610
1610
1611
1611
1612
1612
1613
1613
1614
1614
1615
1615
1616
1616
1617
1617
1618
1618
1619
1619
1620
1620
1621
1621
1622
1622
1623
1623
1624
1624
1625
1625
1626
1626
1627
1627
1628
1628
1629
1629
1630
1630
1631
1631
1632
1632
1633
1633
1634
1634
1635
1635
1636
1636
1637
1637
1638
1638
1639
1640
1640
1641
1641
1642
1642
1643
1643
1644
1644
1645
1645
1646
1646
1647
1647
1648
1648
1649
1649
1650
1650
1651
1651
1652
1652
1653
1653
1654
1654
1655
1655
1656
1656
1657
1657
1658
1658
1659
1659
1660
1660
1661
1661
1662
1662
1663
1663
1664
1664
1665
1665
1666
1666
1667
1667
1668
1668
1669
1669
1670
1670
1671
1671
1672
1672
1673
1673
1674
1674
1675
1675
1676
1676
1677
1677
1678
1678
1679
1679
1680
1680
1681
1681
1682
1682
1683
1683
1684
1684
1685
1685
1686
1686
1687
1687
1688
1688
1689
1689
1690
1690
1691
1691
1692
1692
1693
1693
1694
1694
1695
1695
1696
1696
1697
1697
1698
1698
1699
1699
1700
1700
1701
1701
1702
1702
1703
1703
1704
1704
1705
1705
1706
1706
1707
1707
1708
1708
1709
1709
1710
1710
1711
1711
1712
1712
1713
1713
1714
1714
1715
1715
1716
1716
1717
1717
1718
1718
1719
1719
1720
1720
1721
1721
1722
1722
1723
1723
1724
1724
1725
1725
1726
1726
1727
1727
1728
1728
1729
1729
1730
1730
1731
1731
1732
1732
1733
1733
1734
1734
1735
1735
1736
1736
1737
1738
1738
1739
1739
1740
1740
1741
1741
1742
1742
1743
1743
1744
1744
1745
1745
1746
1746
1747
1747
1748
1748
1749
1749
1750
1750
1751
1751
1752
1752
1753
1753
1754
1754
1755
1755
1756
1756
1757
1757
1758
1758
1759
1759
1760
1760
1761
1761
1762
1762
1763
1763
1764
1764
1765
1765
1766
1766
1767
1767
1768
1768
1769
1769
1770
1770
1771
1771
1772
1772
1773
1773
1774
1774
1775
1775
1776
1776
1777
1777
1778
1778
1779
1779
1780
1780
1781
1781
1782
1782
1783
1783
1784
1784
1785
1785
1786
1786
1787
1787
1788
1788
1789
1789
1790
1790
1791
1791
1792
1792
1793
1793
1794
1794
1795
1795
1796
1796
1797
1797
1798
1798
1799
1799
1800
1800
1801
1801
1802
1802
1803
1803
1804
1804
1805
1805
1806
1806
1807
1807
1808
1808
1809
1809
1810
1810
1811
1811
1812
1812
1813
1813
1814
1814
1815
1815
1816
1816
1817
1817
1818
1818
1819
1819
1820
1820
1821
1821
1822
1822
1823
1823
1824
1824
1825
1825
1826
1826
1827
1827
1828
1828
1829
1829
1830
1830
1831
1831
1832
1832
1833
1833
1834
1834
1835
1836
1836
1837
1837
1838
1838
1839
1839
1840
1840
1841
1841
1842
1842
1843
1843
1844
1844
1845
1845
1846
1846
1847
1847
1848
1848
1849
1849
1850
1850
1851
1851
1852
1852
1853
1853
1854
1854
1855
1855
1856
1856
1857
1857
1858
1858
1859
1859
1860
1860
1861
1861
1862
1862
1863
1863
1864
1864
1865
1865
1866
1866
1867
1867
1868
1868
1869
1869
1870
1870
1871
1871
1872
1872
1873
1873
1874
1874
1875
1875
1876
1876
1877
1877
1878
1878
1879
1879
1880
1880
1881
1881
1882
1882
1883
1883
1884
1884
1885
1885
1886
1886
1887
1887
1888
1888
1889
1889
1890
1890
1891
1891
1892
1892
1893
1893
1894
1894
1895
1895
1896
1896
1897
1897
1898
1898
1899
1899
1900
1900
1901
1901
1902
1902
1903
1903
1904
1904
1905
1905
1906
1906
1907
1907
1908
1908
1909
1909
1910
1910
1911
1911
1912
1912
1913
1913
1914
1914
1915
1915
1916
1916
1917
1917
1918
1918
1919
1919
1920
1920
1921
1921
1922
1922
1923
1923
1924
1924
1925
1925
1926
1926
1927
1927
1928
1928
1929
1929
1930
1930
1931
1931
1932
1932
1933
1934
1934
1935
1935
1936
1936
1937
1937
1938
1938
1939
1939
1940
1940
1941
1941
1942
1942
1943
1943
1944
1944
1945
1945
1946
1946
1947
1947
1948
1948
1949
1949
1950
1950
1951
1951
1952
1952
1953
1953
1954
1954
1955
1955
1956
1956
1957
1957
1958
1958
1959
1959
1960
1960
1961
1961
1962
1962
1963
1963
1964
1964
1965
1965
1966
1966
1967
1967
1968
1968
1969
1969
1970
1970
1971
1971
1972
1972
1973
1973
1974
1974
1975
1975
1976
1976
1977
1977
1978
1978
1979
1979
1980
1980
1981
1981
1982
1982
1983
1983
1984
1984
1985
1985
1986
1986
1987
1987
1988
1988
1989
1989
1990
1990
1991
1991
1992
1992
1993
1993
1994
1994
1995
1995
1996
1996
1997
1997
1998
1998
1999
1999
2000
2000
2001
2001
2002
2002
2003
2003
2004
2004
2005
2005
2006
2006
2007
2007
2008
2008
2009
2009
2010
2010
2011
2011
2012
2012
2013
2013
2014
2014
2015
2015
2016
2016
2017
2017
2018
2018
2019
2019
2020
2020
2021
2021
2022
2022
2023
2023
2024
2024
2025
2025
2026
2026
2027
2027
2028
2028
2029
2029
2030
2030
2031
2032
2032
2033
2033
2034
2034
2035
2035
2036
2036
2037
2037
2038
2038
2039
2039
2040
2040
2041
2041
2042
2042
2043
2043
2044
2044
2045
2045
2046
2046
2047
2047
2048
2048
2049
2049
2050
2050
2051
2051
2052
2052
2053
2053
2054
2054
2055
2055
2056
2056
2057
2057
2058
2058
2059
2059
2060
2060
2061
2061
2062
2062
2063
2063
2064
2064
2065
2065
2066
2066
2067
2067
2068
2068
2069
2069
2070
2070
2071
2071
2072
2072
2073
2073
2074
2074
2075
2075
2076
2076
2077
2077
2078
2078
2079
2079
2080
2080
2081
2081
2082
2082
2083
2083
2084
2084
2085
2085
2086
2086
2087
2087
2088
2088
2089
2089
2090
2090
2091
2091
2092
2092
2093
2093
2094
2094
2095
2095
2096
2096
2097
2097
2098
2098
2099
2099
2100
2100
2101
2101
2102
2102
2103
2103
2104
2104
2105
2105
2106
2106
2107
2107
2108
2108
2109
2109
2110
2110
2111
2111
2112
2112
2113
2113
2114
2114
2115
2115
2116
2116
2117
2117
2118
2118
2119
2119
2120
2120
2121
2121
2122
2122
2123
2123
2124
2124
2125
2125
2126
2126
2127
2127
2128
2128
2129
2130
2130
2131
2131
2132
2132
2133
2133
2134
2134
2135
2135
2136
2136
2137
2137
2138
2138
2139
2139
2140
2140
2141
2141
2142
2142
2143
2143
2144
2144
2145
2145
2146
2146
2147
2147
2148
2148
2149
2149
2150
2150
2151
2151
2152
2152
2153
2153
2154
2154
2155
2155
2156
2156
2157
2157
2158
2158
2159
2159
2160
2160
2161
2161
2162
2162
2163
2163
2164
2164
2165
2165
2166
2166
2167
2167
2168
2168
2169
2169
2170
2170
2171
2171
2172
2172
2173
2173
2174
2174
2175
2175
2176
2176
2177
2177
2178
2178
2179
2179
2180
2180
2181
2181
2182
2182
2183
2183
2184
2184
2185
2185
2186
2186
2187
2187
2188
2188
2189
2189
2190
2190
2191
2191
2192
2192
2193
2193
2194
2194
2195
2195
2196
2196
2197
2197
2198
2198
2199
2199
2200
2200
2201
2201
2202
2202
2203
2203
2204
2204
2205
2205
2206
2206
2207
2207
2208
2208
2209
2209
2210
2210
2211
2211
2212
2212
2213
2213
2214
2214
2215
2215
2216
2216
2217
2217
2218
2218
2219
2219
2220
2220
2221
2221
2222
2222
2223
2223
2224
2224
2225
2225
2226
2226
2227
2228
2228
2229
2229
2230
2230
2231
2231
2232
2232
2233
2233
2234
2234
2235
2235
2236
2236
2237
2237
2238
2238
2239
2239
2240
2240
2241
2241
2242
2242
2243
2243
2244
2244
2245
2245
2246
2246
2247
2247
2248
2248
2249
2249
2250
2250
2251
2251
2252
2252
2253
2253
2254
2254
2255
2255
2256
2256
2257
2257
2258
2258
2259
2259
2260
2260
2261
2261
2262
2262
2263
2263
2264
2264
2265
2265
2266
2266
2267
2267
2268
2268
2269
2269
2270
2270
2271
2271
2272
2272
2273
2273
2274
2274
2275
2275
2276
2276
2277
2277
2278
2278
2279
2279
2280
2280
2281
2281
2282
2282
2283
2283
2284
2284
2285
2285
2286
2286
2287
2287
2288
2288
2289
2289
2290
2290
2291
2291
2292
2292
2293
2293
2294
2294
2295
2295
2296
2296
2297
2297
2298
2298
2299
2299
2300
2300
2301
2301
2302
2302
2303
2303
2304
2304
2305
2305
2306
2306
2307
2307
2308
2308
2309
2309
2310
2310
2311
2311
2312
2312
2313
2313
2314
2314
2315
2315
2316
2316
2317
2317
2318
2318
2319
2319
2320
2320
2321
2321
2322
2322
2323
2323
2324
2324
2325
2326
2326
2327
2327
2328
2328
2329
2329
2330
2330
2331
2331
2332
2332
2333
2333
2334
2334
2335
2335
2336
2336
2337
2337
2338
2338
2339
2339
2340
2340
2341
2341
2342
2342
2343
2343
2344
2344
2345
2345
2346
2346
2347
2347
2348
2348
2349
2349
2350
2350
2351
2351
2352
2352
2353
2353
2354
2354
2355
2355
2356
2356
2357
2357
2358
2358
2359
2359
2360
2360
2361
2361
2362
2362
2363
2363
2364
2364
2365
2365
2366
2366
2367
2367
2368
2368
2369
2369
2370
2370
2371
2371
2372
2372
2373
2373
2374
2374
2375
2375
2376
2376
2377
2377
2378
2378
2379
2379
2380
2380
2381
2381
2382
2382
2383
2383
2384
2384
2385
2385
2386
2386
2387
2387
2388
2388
2389
2389
2390
2390
2391
2391
2392
2392
2393
2393
2394
2394
2395
2395
2396
2396
2397
2397
2398
2398
2399
2399
2400
2400
2401
2401
2402
2402
2403
2403
2404
2404
2405
2405
2406
2406
2407
2407
2408
2408
2409
2409
2410
2410
2411
2411
2412
2412
2413
2413
2414
2414
2415
2415
2416
2416
2417
2417
2418
2418
2419
2419
2420
2420
2421
2421
2422
2422
2423
2424
2424
2425
2425
2426
2426
2427
2427
2428
2428
2429
2429
2430
2430
2431
2431
2432
2432
2433
2433
2434
2434
2435
2435
2436
2436
2437
2437
2438
2438
2439
2439
2440
2440
2441
2441
2442
2442
2443
2443
2444
2444
2445
2445
2446
2446
2447
2447
2448
2448
2449
2449
2450
2450
2451
2451
2452
2452
2453
2453
2454
2454
2455
2455
2456
2456
2457
2457
2458
2458
2459
2459
2460
2460
2461
2461
2462
2462
2463
2463
2464
2464
2465
2465
2466
2466
2467
2467
2468
2468
2469
2469
2470
2470
2471
2471
2472
2472
2473
2473
2474
2474
2475
2475
2476
2476
2477
2477
2478
2478
2479
2479
2480
2480
2481
2481
2482
2482
2483
2483
2484
2484
2485
2485
2486
2486
2487
2487
2488
2488
2489
2489
2490
2490
2491
2491
2492
2492
2493
2493
2494
2494
2495
2495
2496
2496
2497
2497
2498
2498
2499
2499
2500
2500
2501
2501
2502
2502
2503
2503
2504
2504
2505
2505
2506
2506
2507
2507
2508
2508
2509
2509
2510
2510
2511
2511
2512
2512
2513
2513
2514
2514
2515
2515
2516
2516
2517
2517
2518
2518
2519
2519
2520
2520
2521
2522
2522
2523
2523
2524
2524
2525
2525
2526
2526
2527
2527
2528
2528
2529
2529
2530
2530
2531
2531
2532
2532
2533
2533
2534
2534
2535
2535
2536
2536
2537
2537
2538
2538
2539
2539
2540
2540
2541
2541
2542
2542
2543
2543
2544
2544
2545
2545
2546
2546
2547
2547
2548
2548
2549
2549
2550
2550
2551
2551
2552
2552
2553
2553
2554
2554
2555
2555
2556
2556
2557
2557
2558
2558
2559
2559
2560
2560
2561
2561
2562
2562
2563
2563
2564
2564
2565
2565
2566
2566
2567
2567
2568
2568
2569
2569
2570
2570
2571
2571
2572
2572
2573
2573
2574
2574
2575
2575
2576
2576
2577
2577
2578
2578
2579
2579
2580
2580
2581
2581
2582
2582
2583
2583
2584
2584
2585
2585
2586
2586
2587
2587
2588
2588
2589
2589
2590
2590
2591
2591
2592
2592
2593
2593
2594
2594
2595
2595
2596
2596
2597
2597
2598
2598
2599
2599
2600
2600
2601
2601
2602
2602
2603
2603
2604
2604
2605
2605
2606
2606
2607
2607
2608
2608
2609
2609
2610
2610
2611
2611
2612
2612
2613
2613
2614
2614
2615
2615
2616
2616
2617
2617
2618
2618
2619
2620
2620
2621
2621
2622
2622
2623
2623
2624
2624
2625
2625
2626
2626
2627
2627
2628
2628
2629
2629
2630
2630
2631
2631
2632
2632
2633
2633
2634
2634
2635
2635
2636
2636
2637
2637
2638
2638
2639
2639
2640
2640
2641
2641
2642
2642
2643
2643
2644
2644
2645
2645
2646
2646
2647
2647
2648
2648
2649
2649
2650
2650
2651
2651
2652
2652
2653
2653
2654
2654
2655
2655
2656
2656
2657
2657
2658
2658
2659
2659
2660
2660
2661
2661
2662
2662
2663
2663
2664
2664
2665
2665
2666
2666
2667
2667
2668
2668
2669
2669
2670
2670
2671
2671
2672
2672
2673
2673
2674
2674
2675
2675
2676
2676
2677
2677
2678
2678
2679
2679
2680
2680
2681
2681
2682
2682
2683
2683
2684
2684
2685
2685
2686
2686
2687
2687
2688
2688
2689
2689
2690
2690
2691
2691
2692
2692
2693
2693
2694
2694
2695
2695
2696
2696
2697
2697
2698
2698
2699
2699
2700
2700
2701
2701
2702
2702
2703
2703
2704
2704
2705
2705
2706
2706
2707
2707
2708
2708
2709
2709
2710
2710
2711
2711
2712
2712
2713
2713
2714
2714
2715
2715
2716
2716
2717
2718
2718
2719
2719
2720
2720
2721
2721
2722
2722
2723
2723
2724
2724
2725
2725
2726
2726
2727
2727
2728
2728
2729
2729
2730
2730
2731
2731
2732
2732
2733
2733
2734
2734
2735
2735
2736
2736
2737
2737
2738
2738
2739
2739
2740
2740
2741
2741
2742
2742
2743
2743
2744
2744
2745
2745
2746
2746
2747
2747
2748
2748
2749
2749
2750
2750
2751
2751
2752
2752
2753
2753
2754
2754
2755
2755
2756
2756
2757
2757
2758
2758
2759
2759
2760
2760
2761
2761
2762
2762
2763
2763
2764
2764
2765
2765
2766
2766
2767
2767
2768
2768
2769
2769
2770
2770
2771
2771
2772
2772
2773
2773
2774
2774
2775
2775
2776
2776
2777
2777
2778
2778
2779
2779
2780
2780
2781
2781
2782
2782
2783
2783
2784
2784
2785
2785
2786
2786
2787
2787
2788
2788
2789
2789
2790
2790
2791
2791
2792
2792
2793
2793
2794
2794
2795
2795
2796
2796
2797
2797
2798
2798
2799
2799
2800
2800
2801
2801
2802
2802
2803
2803
2804
2804
2805
2805
2806
2806
2807
2807
2808
2808
2809
2809
2810
2810
2811
2811
2812
2812
2813
2813
2814
2814
2815
2816
2816
2817
2817
2818
2818
2819
2819
2820
2820
2821
2821
2822
2822
2823
2823
2824
2824
2825
2825
2826
2826
2827
2827
2828
2828
2829
2829
2830
2830
2831
2831
2832
2832
2833
2833
2834
2834
2835
2835
2836
2836
2837
2837
2838
2838
2839
2839
2840
2840
2841
2841
2842
2842
2843
2843
2844
2844
2845
2845
2846
2846
2847
2847
2848
2848
2849
2849
2850
2850
2851
2851
2852
2852
2853
2853
2854
2854
2855
2855
2856
2856
2857
2857
2858
2858
2859
2859
2860
2860
2861
2861
2862
2862
2863
2863
2864
2864
2865
2865
2866
2866
2867
2867
2868
2868
2869
2869
2870
2870
2871
2871
2872
2872
2873
2873
2874
2874
2875
2875
2876
2876
2877
2877
2878
2878
2879
2879
2880
2880
2881
2881
2882
2882
2883
2883
2884
2884
2885
2885
2886
2886
2887
2887
2888
2888
2889
2889
2890
2890
2891
2891
2892
2892
2893
2893
2894
2894
2895
2895
2896
2896
2897
2897
2898
2898
2899
2899
2900
2900
2901
2901
2902
2903
2904
2905
2906
2907
2908
2909
2910
2911
2912
2914
2914
2915
2915
2916
2916
2917
2917
2918
2918
2919
2919
2920
2920
2921
2921
2922
2922
2923
2923
2924
2924
2925
2925
2926
2926
2927
2927
2928
2928
2929
2929
2930
2930
2931
2931
2932
2932
2933
2933
2934
2934
2935
2935
2936
2936
2937
2937
2938
2939
2940
2941
2942
2943
2944
2945
2946
2947
2948
2949
2950
2951
2952
2953
2954
2955
2956
2957
2958
2959
2960
2961
2962
2963
2964
2965
2966
2967
2968
2969
2970
2971
2972
2973
2974
2975
2976
2977
2978
2979
2980
2981
2982
2983
2984
2985
2986
2987
2988
2989
2990
2991
2992
2993
2994
2995
2996
2997
2998
3000
3001
3002
3003
3004
3005
3006
3007
3008
3009
3010
3011
3012
3013
3014
3015
3016
3017
3018
3019
3020
3021
3022
0
18
36
54
0
1
2
3
4
5
6
7
8
9
10
11
12
13
14
15
16
17
72
170
268
366
464
562
660
758
856
954
1052
1150
1248
1346
1444
1542
1640
1738
1836
1934
2032
2130
2228
2326
2424
2522
2620
72
73
74
75
76
77
78
79
80
81
82
83
84
85
86
87
88
89
90
91
92
93
94
95
96
97
98
99
100
101
102
103
104
105
106
107
108
109
110
111
112
113
114
115
116
117
118
119
120
121
122
123
124
125
126
127
128
129
130
131
132
133
134
135
136
137
138
139
140
141
142
143
144
145
146
147
148
149
150
151
152
153
154
155
156
157
158
159
160
161
162
163
164
165
166
167
168
169
0
18
36
54
1
19
37
55
2
20
38
56
3
21
39
57
4
22
40
58
5
23
41
59
6
24
42
60
7
25
43
61
8
26
44
62
9
27
45
63
10
28
46
64
11
29
47
65
12
30
48
66
13
31
49
67
14
32
50
68
15
33
51
69
16
34
52
70
17
35
53
71
72
170
268
366
464
562
660
758
856
954
1052
1150
1248
1346
1444
1542
1640
1738
1836
1934
2032
2130
2228
2326
2424
2522
2620
73
171
269
367
465
563
661
759
857
955
1053
1151
1249
1347
1445
1543
1641
1739
1837
1935
2033
2131
2229
2327
2425
2523
2621
74
172
270
368
466
564
662
760
858
956
1054
1152
1250
1348
1446
1544
1642
1740
1838
1936
2034
2132
2230
2328
2426
2524
2622
75
173
271
369
467
565
663
761
859
957
1055
1153
1251
1349
1447
1545
1643
1741
1839
1937
2035
2133
2231
2329
2427
2525
2623
76
174
272
370
468
566
664
762
860
958
1056
1154
1252
1350
1448
1546
1644
1742
1840
1938
2036
2134
2232
2330
2428
2526
2624
77
175
273
371
469
567
665
763
861
959
1057
1155
1253
1351
1449
1547
1645
1743
1841
1939
2037
2135
2233
2331
2429
2527
2625
78
176
274
372
470
568
666
764
862
960
1058
1156
1254
1352
1450
1548
1646
1744
1842
1940
2038
2136
2234
2332
2430
2528
2626
79
177
275
373
471
569
667
765
863
961
1059
1157
1255
1353
1451
1549
1647
1745
1843
1941
2039
2137
2235
2333
2431
2529
2627
80
178
276
374
472
570
668
766
864
962
1060
1158
1256
1354
1452
1550
1648
1746
1844
1942
2040
2138
2236
2334
2432
2530
2628
81
179
277
375
473
571
669
767
865
963
1061
1159
1257
1355
1453
1551
1649
1747
1845
1943
2041
2139
2237
2335
2433
2531
2629
82
180
278
376
474
572
670
768
866
964
1062
1160
1258
1356
1454
1552
1650
1748
1846
1944
2042
2140
2238
2336
2434
2532
2630
83
181
279
377
475
573
671
769
867
965
1063
1161
1259
1357
1455
1553
1651
1749
1847
1945
2043
2141
2239
2337
2435
2533
2631
84
182
280
378
476
574
672
770
868
966
1064
1162
1260
1358
1456
1554
1652
1750
1848
1946
2044
2142
2240
2338
2436
2534
2632
85
183
281
379
477
575
673
771
869
967
1065
1163
1261
1359
1457
1555
1653
1751
1849
1947
2045
2143
2241
2339
2437
2535
2633
86
184
282
380
478
576
674
772
870
968
1066
1164
1262
1360
1458
1556
1654
1752
1850
1948
2046
2144
2242
2340
2438
2536
2634
87
185
283
381
479
577
675
773
871
969
1067
1165
1263
1361
1459
1557
1655
1753
1851
1949
2047
2145
2243
2341
2439
2537
2635
88
186
284
382
480
578
676
774
872
970
1068
1166
1264
1362
1460
1558
1656
1754
1852
1950
2048
2146
2244
2342
2440
2538
2636
89
187
285
383
481
579
677
775
873
971
1069
1167
1265
1363
1461
1559
1657
1755
1853
1951
2049
2147
2245
2343
2441
2539
2637
90
188
286
384
482
580
678
776
874
972
1070
1168
1266
1364
1462
1560
1658
1756
1854
1952
2050
2148
2246
2344
2442
2540
2638
91
189
287
385
483
581
679
777
875
973
1071
1169
1267
1365
1463
1561
1659
1757
1855
1953
2051
2149
2247
2345
2443
2541
2639
92
190
288
386
484
582
680
778
876
974
1072
1170
1268
1366
1464
1562
1660
1758
1856
1954
2052
2150
2248
2346
2444
2542
2640
93
191
289
387
485
583
681
779
877
975
1073
1171
1269
1367
1465
1563
1661
1759
1857
1955
2053
2151
2249
2347
2445
2543
2641
94
192
290
388
486
584
682
780
878
976
1074
1172
1270
1368
1466
1564
1662
1760
1858
1956
2054
2152
2250
2348
2446
2544
2642
95
193
291
389
487
585
683
781
879
977
1075
1173
1271
1369
1467
1565
1663
1761
1859
1957
2055
2153
2251
2349
2447
2545
2643
96
194
292
390
488
586
684
782
880
978
1076
1174
1272
1370
1468
1566
1664
1762
1860
1958
2056
2154
2252
2350
2448
2546
2644
97
195
293
391
489
587
685
783
881
979
1077
1175
1273
1371
1469
1567
1665
1763
1861
1959
2057
2155
2253
2351
2449
2547
2645
98
196
294
392
490
588
686
784
882
980
1078
1176
1274
1372
1470
1568
1666
1764
1862
1960
2058
2156
2254
2352
2450
2548
2646
99
197
295
393
491
589
687
785
883
981
1079
1177
1275
1373
1471
1569
1667
1765
1863
1961
2059
2157
2255
2353
2451
2549
2647
100
198
296
394
492
590
688
786
884
982
1080
1178
1276
1374
1472
1570
1668
1766
1864
1962
2060
2158
2256
2354
2452
2550
2648
101
199
297
395
493
591
689
787
885
983
1081
1179
1277
1375
1473
1571
1669
1767
1865
1963
2061
2159
2257
2355
2453
2551
2649
102
200
298
396
494
592
690
788
886
984
1082
1180
1278
1376
1474
1572
1670
1768
1866
1964
2062
2160
2258
2356
2454
2552
2650
103
201
299
397
495
593
691
789
887
985
1083
1181
1279
1377
1475
1573
1671
1769
1867
1965
2063
2161
2259
2357
2455
2553
2651
104
202
300
398
496
594
692
790
888
986
1084
1182
1280
1378
1476
1574
1672
1770
1868
1966
2064
2162
2260
2358
2456
2554
2652
105
203
301
399
497
595
693
791
889
987
1085
1183
1281
1379
1477
1575
1673
1771
1869
1967
2065
2163
2261
2359
2457
2555
2653
106
204
302
400
498
596
694
792
890
988
1086
1184
1282
1380
1478
1576
1674
1772
1870
1968
2066
2164
2262
2360
2458
2556
2654
107
205
303
401
499
597
695
793
891
989
1087
1185
1283
1381
1479
1577
1675
1773
1871
1969
2067
2165
2263
2361
2459
2557
2655
108
206
304
402
500
598
696
794
892
990
1088
1186
1284
1382
1480
1578
1676
1774
1872
1970
2068
2166
2264
2362
2460
2558
2656
109
207
305
403
501
599
697
795
893
991
1089
1187
1285
1383
1481
1579
1677
1775
1873
1971
2069
2167
2265
2363
2461
2559
2657
110
208
306
404
502
600
698
796
894
992
1090
1188
1286
1384
1482
1580
1678
1776
1874
1972
2070
2168
2266
2364
2462
2560
2658
111
209
307
405
503
601
699
797
895
993
1091
1189
1287
1385
1483
1581
1679
1777
1875
1973
2071
2169
2267
2365
2463
2561
2659
112
210
308
406
504
602
700
798
896
994
1092
1190
1288
1386
1484
1582
1680
1778
1876
1974
2072
2170
2268
2366
2464
2562
2660
113
211
309
407
505
603
701
799
897
995
1093
1191
1289
1387
1485
1583
1681
1779
1877
1975
2073
2171
2269
2367
2465
2563
2661
114
212
310
408
506
604
702
800
898
996
1094
1192
1290
1388
1486
1584
1682
1780
1878
1976
2074
2172
2270
2368
2466
2564
2662
115
213
311
409
507
605
703
801
899
997
1095
1193
1291
1389
1487
1585
1683
1781
1879
1977
2075
2173
2271
2369
2467
2565
2663
116
214
312
410
508
606
704
802
900
998
1096
1194
1292
1390
1488
1586
1684
1782
1880
1978
2076
2174
2272
2370
2468
2566
2664
117
215
313
411
509
607
705
803
901
999
1097
1195
1293
1391
1489
1587
1685
1783
1881
1979
2077
2175
2273
2371
2469
2567
2665
118
216
314
412
510
608
706
804
902
1000
1098
1196
1294
1392
1490
1588
1686
1784
1882
1980
2078
2176
2274
2372
2470
2568
2666
119
217
315
413
511
609
707
805
903
1001
1099
1197
1295
1393
1491
1589
1687
1785
1883
1981
2079
2177
2275
2373
2471
2569
2667
120
218
316
414
512
610
708
806
904
1002
1100
1198
1296
1394
1492
1590
1688
1786
1884
1982
2080
2178
2276
2374
2472
2570
2668
121
219
317
415
513
611
709
807
905
1003
1101
1199
1297
1395
1493
1591
1689
1787
1885
1983
2081
2179
2277
2375
2473
2571
2669
122
220
318
416
514
612
710
808
906
1004
1102
1200
1298
1396
1494
1592
1690
1788
1886
1984
2082
2180
2278
2376
2474
2572
2670
123
221
319
417
515
613
711
809
907
1005
1103
1201
1299
1397
1495
1593
1691
1789
1887
1985
2083
2181
2279
2377
2475
2573
2671
124
222
320
418
516
614
712
810
908
1006
1104
1202
1300
1398
1496
1594
1692
1790
1888
1986
2084
2182
2280
2378
2476
2574
2672
125
223
321
419
517
615
713
811
909
1007
1105
1203
1301
1399
1497
1595
1693
1791
1889
1987
2085
2183
2281
2379
2477
2575
2673
126
224
322
420
518
616
714
812
910
1008
1106
1204
1302
1400
1498
1596
1694
1792
1890
1988
2086
2184
2282
2380
2478
2576
2674
127
225
323
421
519
617
715
813
911
1009
1107
1205
1303
1401
1499
1597
1695
1793
1891
1989
2087
2185
2283
2381
2479
2577
2675
128
226
324
422
520
618
716
814
912
1010
1108
1206
1304
1402
1500
1598
1696
1794
1892
1990
2088
2186
2284
2382
2480
2578
2676
129
227
325
423
521
619
717
815
913
1011
1109
1207
1305
1403
1501
1599
1697
1795
1893
1991
2089
2187
2285
2383
2481
2579
2677
130
228
326
424
522
620
718
816
914
1012
1110
1208
1306
1404
1502
1600
1698
1796
1894
1992
2090
2188
2286
2384
2482
2580
2678
131
229
327
425
523
621
719
817
915
1013
1111
1209
1307
1405
1503
1601
1699
1797
1895
1993
2091
2189
2287
2385
2483
2581
2679
132
230
328
426
524
622
720
818
916
1014
1112
1210
1308
1406
1504
1602
1700
1798
1896
1994
2092
2190
2288
2386
2484
2582
2680
133
231
329
427
525
623
721
819
917
1015
1113
1211
1309
1407
1505
1603
1701
1799
1897
1995
2093
2191
2289
2387
2485
2583
2681
134
232
330
428
526
624
722
820
918
1016
1114
1212
1310
1408
1506
1604
1702
1800
1898
1996
2094
2192
2290
2388
2486
2584
2682
135
233
331
429
527
625
723
821
919
1017
1115
1213
1311
1409
1507
1605
1703
1801
1899
1997
2095
2193
2291
2389
2487
2585
2683
136
234
332
430
528
626
724
822
920
1018
1116
1214
1312
1410
1508
1606
1704
1802
1900
1998
2096
2194
2292
2390
2488
2586
2684
137
235
333
431
529
627
725
823
921
1019
1117
1215
1313
1411
1509
1607
1705
1803
1901
1999
2097
2195
2293
2391
2489
2587
2685
138
236
334
432
530
628
726
824
922
1020
1118
1216
1314
1412
1510
1608
1706
1804
1902
2000
2098
2196
2294
2392
2490
2588
2686
139
237
335
433
531
629
727
825
923
1021
1119
1217
1315
1413
1511
1609
1707
1805
1903
2001
2099
2197
2295
2393
2491
2589
2687
140
238
336
434
532
630
728
826
924
1022
1120
1218
1316
1414
1512
1610
1708
1806
1904
2002
2100
2198
2296
2394
2492
2590
2688
141
239
337
435
533
631
729
827
925
1023
1121
1219
1317
1415
1513
1611
1709
1807
1905
2003
2101
2199
2297
2395
2493
2591
2689
142
240
338
436
534
632
730
828
926
1024
1122
1220
1318
1416
1514
1612
1710
1808
1906
2004
2102
2200
2298
2396
2494
2592
2690
143
241
339
437
535
633
731
829
927
1025
1123
1221
1319
1417
1515
1613
1711
1809
1907
2005
2103
2201
2299
2397
2495
2593
2691
144
242
340
438
536
634
732
830
928
1026
1124
1222
1320
1418
1516
1614
1712
1810
1908
2006
2104
2202
2300
2398
2496
2594
2692
145
243
341
439
537
635
733
831
929
1027
1125
1223
1321
1419
1517
1615
1713
1811
1909
2007
2105
2203
2301
2399
2497
2595
2693
146
244
342
440
538
636
734
832
930
1028
1126
1224
1322
1420
1518
1616
1714
1812
1910
2008
2106
2204
2302
2400
2498
2596
2694
147
245
343
441
539
637
735
833
931
1029
1127
1225
1323
1421
1519
1617
1715
1813
1911
2009
2107
2205
2303
2401
2499
2597
2695
148
246
344
442
540
638
736
834
932
1030
1128
1226
1324
1422
1520
1618
1716
1814
1912
2010
2108
2206
2304
2402
2500
2598
2696
149
247
345
443
541
639
737
835
933
1031
1129
1227
1325
1423
1521
1619
1717
1815
1913
2011
2109
2207
2305
2403
2501
2599
2697
150
248
346
444
542
640
738
836
934
1032
1130
1228
1326
1424
1522
1620
1718
1816
1914
2012
2110
2208
2306
2404
2502
2600
2698
151
249
347
445
543
641
739
837
935
1033
1131
1229
1327
1425
1523
1621
1719
1817
1915
2013
2111
2209
2307
2405
2503
2601
2699
152
250
348
446
544
642
740
838
936
1034
1132
1230
1328
1426
1524
1622
1720
1818
1916
2014
2112
2210
2308
2406
2504
2602
2700
153
251
349
447
545
643
741
839
937
1035
1133
1231
1329
1427
1525
1623
1721
1819
1917
2015
2113
2211
2309
2407
2505
2603
2701
154
252
350
448
546
644
742
840
938
1036
1134
1232
1330
1428
1526
1624
1722
1820
1918
2016
2114
2212
2310
2408
2506
2604
2702
155
253
351
449
547
645
743
841
939
1037
1135
1233
1331
1429
1527
1625
1723
1821
1919
2017
2115
2213
2311
2409
2507
2605
2703
156
254
352
450
548
646
744
842
940
1038
1136
1234
1332
1430
1528
1626
1724
1822
1920
2018
2116
2214
2312
2410
2508
2606
2704
157
255
353
451
549
647
745
843
941
1039
1137
1235
1333
1431
1529
1627
1725
1823
1921
2019
2117
2215
2313
2411
2509
2607
2705
158
256
354
452
550
648
746
844
942
1040
1138
1236
1334
1432
1530
1628
1726
1824
1922
2020
2118
2216
2314
2412
2510
2608
2706
159
257
355
453
551
649
747
845
943
1041
1139
1237
1335
1433
1531
1629
1727
1825
1923
2021
2119
2217
2315
2413
2511
2609
2707
160
258
356
454
552
650
748
846
944
1042
1140
1238
1336
1434
1532
1630
1728
1826
1924
2022
2120
2218
2316
2414
2512
2610
2708
161
259
357
455
553
651
749
847
945
1043
1141
1239
1337
1435
1533
1631
1729
1827
1925
2023
2121
2219
2317
2415
2513
2611
2709
162
260
358
456
554
652
750
848
946
1044
1142
1240
1338
1436
1534
1632
1730
1828
1926
2024
2122
2220
2318
2416
2514
2612
2710
163
261
359
457
555
653
751
849
947
1045
1143
1241
1339
1437
1535
1633
1731
1829
1927
2025
2123
2221
2319
2417
2515
2613
2711
164
262
360
458
556
654
752
850
948
1046
1144
1242
1340
1438
1536
1634
1732
1830
1928
2026
2124
2222
2320
2418
2516
2614
2712
165
263
361
459
557
655
753
851
949
1047
1145
1243
1341
1439
1537
1635
1733
1831
1929
2027
2125
2223
2321
2419
2517
2615
2713
166
264
362
460
558
656
754
852
950
1048
1146
1244
1342
1440
1538
1636
1734
1832
1930
2028
2126
2224
2322
2420
2518
2616
2714
167
265
363
461
559
657
755
853
951
1049
1147
1245
1343
1441
1539
1637
1735
1833
1931
2029
2127
2225
2323
2421
2519
2617
2715
168
266
364
462
560
658
756
854
952
1050
1148
1246
1344
1442
1540
1638
1736
1834
1932
2030
2128
2226
2324
2422
2520
2618
2716
169
267
365
463
561
659
757
855
953
1051
1149
1247
1345
1443
1541
1639
1737
1835
1933
2031
2129
2227
2325
2423
2521
2619
2717
2718
2816
2914
3000
2719
2817
2915
3001
2720
2818
2916
3002
2721
2819
2917
3003
2722
2820
2918
3004
2723
2821
2919
3005
2724
2822
2920
3006
2725
2823
2921
3007
2726
2824
2922
3008
2727
2825
2923
3009
2728
2826
2924
3010
2729
2827
2925
3011
2730
2828
2926
3012
2731
2829
2927
3013
2732
2830
2928
3014
2733
2831
2929
3015
2734
2832
2930
3016
2735
2833
2931
3017
2736
2834
2932
3018
2737
2835
2933
3019
2738
2836
2934
3020
2739
2837
2935
3021
2740
2838
2936
3022
2741
2839
2937
3023
2742
2840
2938
2743
2841
2939
2744
2842
2940
2745
2843
2941
2746
2844
2942
2747
2845
2943
2748
2846
2944
2749
2847
2945
2750
2848
2946
2751
2849
2947
2752
2850
2948
2753
2851
2949
2754
2852
2950
2755
2853
2951
2756
2854
2952
2757
2855
2953
2758
2856
2954
2759
2857
2955
2760
2858
2956
2761
2859
2957
2762
2860
2958
2763
2861
2959
2764
2862
2960
2765
2863
2961
2766
2864
2962
2767
2865
2963
2768
2866
2964
2769
2867
2965
2770
2868
2966
2771
2869
2967
2772
2870
2968
2773
2871
2969
2774
2872
2970
2775
2873
2971
2776
2874
2972
2777
2875
2973
2778
2876
2974
2779
2877
2975
2780
2878
2976
2781
2879
2977
2782
2880
2978
2783
2881
2979
2784
2882
2980
2785
2883
2981
2786
2884
2982
2787
2885
2983
2788
2886
2984
2789
2887
2985
2790
2888
2986
2791
2889
2987
2792
2890
2988
2793
2891
2989
2794
2892
2990
2795
2893
2991
2796
2894
2992
2797
2895
2993
2798
2896
2994
2799
2897
2995
2800
2898
2996
2801
2899
2997
2802
2900
2998
2803
2901
2999
2804
2902
2805
2903
2806
2904
2807
2905
2808
2906
2809
2907
2810
2908
2811
2909
2812
2910
2813
2911
2814
2912
2815
2913
0
18
36
54
1
19
37
55
2
20
38
56
3
21
39
57
4
22
40
58
5
23
41
59
6
24
42
60
7
25
43
61
8
26
44
62
9
27
45
63
10
28
46
64
11
29
47
65
12
30
48
66
13
31
49
67
14
32
50
68
15
33
51
69
16
34
52
70
17
35
53
71
72
170
268
366
464
562
660
758
856
954
1052
1150
1248
1346
1444
1542
1640
1738
1836
1934
2032
2130
2228
2326
2424
2522
2620
73
171
269
367
465
563
661
759
857
955
1053
1151
1249
1347
1445
1543
1641
1739
1837
1935
2033
2131
2229
2327
2425
2523
2621
74
172
270
368
466
564
662
760
858
956
1054
1152
1250
1348
1446
1544
1642
1740
1838
1936
2034
2132
2230
2328
2426
2524
2622
75
173
271
369
467
565
663
761
859
957
1055
1153
1251
1349
1447
1545
1643
1741
1839
1937
2035
2133
2231
2329
2427
2525
2623
76
174
272
370
468
566
664
762
860
958
1056
1154
1252
1350
1448
1546
1644
1742
1840
1938
2036
2134
2232
2330
2428
2526
2624
77
175
273
371
469
567
665
763
861
959
1057
1155
1253
1351
1449
1547
1645
1743
1841
1939
2037
2135
2233
2331
2429
2527
2625
78
176
274
372
470
568
666
764
862
960
1058
1156
1254
1352
1450
1548
1646
1744
1842
1940
2038
2136
2234
2332
2430
2528
2626
79
177
275
373
471
569
667
765
863
961
1059
1157
1255
1353
1451
1549
1647
1745
1843
1941
2039
2137
2235
2333
2431
2529
2627
80
178
276
374
472
570
668
766
864
962
1060
1158
1256
1354
1452
1550
1648
1746
1844
1942
2040
2138
2236
2334
2432
2530
2628
81
179
277
375
473
571
669
767
865
963
1061
1159
1257
1355
1453
1551
1649
1747
1845
1943
2041
2139
2237
2335
2433
2531
2629
82
180
278
376
474
572
670
768
866
964
1062
1160
1258
1356
1454
1552
1650
1748
1846
1944
2042
2140
2238
2336
2434
2532
2630
83
181
279
377
475
573
671
769
867
965
1063
1161
1259
1357
1455
1553
1651
1749
1847
1945
2043
2141
2239
2337
2435
2533
2631
84
182
280
378
476
574
672
770
868
966
1064
1162
1260
1358
1456
1554
1652
1750
1848
1946
2044
2142
2240
2338
2436
2534
2632
85
183
281
379
477
575
673
771
869
967
1065
1163
1261
1359
1457
1555
1653
1751
1849
1947
2045
2143
2241
2339
2437
2535
2633
86
184
282
380
478
576
674
772
870
968
1066
1164
1262
1360
1458
1556
1654
1752
1850
1948
2046
2144
2242
2340
2438
2536
2634
87
185
283
381
479
577
675
773
871
969
1067
1165
1263
1361
1459
1557
1655
1753
1851
1949
2047
2145
2243
2341
2439
2537
2635
88
186
284
382
480
578
676
774
872
970
1068
1166
1264
1362
1460
1558
1656
1754
1852
1950
2048
2146
2244
2342
2440
2538
2636
89
187
285
383
481
579
677
775
873
971
1069
1167
1265
1363
1461
1559
1657
1755
1853
1951
2049
2147
2245
2343
2441
2539
2637
90
188
286
384
482
580
678
776
874
972
1070
1168
1266
1364
1462
1560
1658
1756
1854
1952
2050
2148
2246
2344
2442
2540
2638
91
189
287
385
483
581
679
777
875
973
1071
1169
1267
1365
1463
1561
1659
1757
1855
1953
2051
2149
2247
2345
2443
2541
2639
92
190
288
386
484
582
680
778
876
974
1072
1170
1268
1366
1464
1562
1660
1758
1856
1954
2052
2150
2248
2346
2444
2542
2640
93
191
289
387
485
583
681
779
877
975
1073
1171
1269
1367
1465
1563
1661
1759
1857
1955
2053
2151
2249
2347
2445
2543
2641
94
192
290
388
486
584
682
780
878
976
1074
1172
1270
1368
1466
1564
1662
1760
1858
1956
2054
2152
2250
2348
2446
2544
2642
95
193
291
389
487
585
683
781
879
977
1075
1173
1271
1369
1467
1565
1663
1761
1859
1957
2055
2153
2251
2349
2447
2545
2643
96
194
292
390
488
586
684
782
880
978
1076
1174
1272
1370
1468
1566
1664
1762
1860
1958
2056
2154
2252
2350
2448
2546
2644
97
195
293
391
489
587
685
783
881
979
1077
1175
1273
1371
1469
1567
1665
1763
1861
1959
2057
2155
2253
2351
2449
2547
2645
98
196
294
392
490
588
686
784
882
980
1078
1176
1274
1372
1470
1568
1666
1764
1862
1960
2058
2156
2254
2352
2450
2548
2646
99
197
295
393
491
589
687
785
883
981
1079
1177
1275
1373
1471
1569
1667
1765
1863
1961
2059
2157
2255
2353
2451
2549
2647
100
198
296
394
492
590
688
786
884
982
1080
1178
1276
1374
1472
1570
1668
1766
1864
1962
2060
2158
2256
2354
2452
2550
2648
101
199
297
395
493
591
689
787
885
983
1081
1179
1277
1375
1473
1571
1669
1767
1865
1963
2061
2159
2257
2355
2453
2551
2649
102
200
298
396
494
592
690
788
886
984
1082
1180
1278
1376
1474
1572
1670
1768
1866
1964
2062
2160
2258
2356
2454
2552
2650
103
201
299
397
495
593
691
789
887
985
1083
1181
1279
1377
1475
1573
1671
1769
1867
1965
2063
2161
2259
2357
2455
2553
2651
104
202
300
398
496
594
692
790
888
986
1084
1182
1280
1378
1476
1574
1672
1770
1868
1966
2064
2162
2260
2358
2456
2554
2652
105
203
301
399
497
595
693
791
889
987
1085
1183
1281
1379
1477
1575
1673
1771
1869
1967
2065
2163
2261
2359
2457
2555
2653
106
204
302
400
498
596
694
792
890
988
1086
1184
1282
1380
1478
1576
1674
1772
1870
1968
2066
2164
2262
2360
2458
2556
2654
107
205
303
401
499
597
695
793
891
989
1087
1185
1283
1381
1479
1577
1675
1773
1871
1969
2067
2165
2263
2361
2459
2557
2655
108
206
304
402
500
598
696
794
892
990
1088
1186
1284
1382
1480
1578
1676
1774
1872
1970
2068
2166
2264
2362
2460
2558
2656
109
207
305
403
501
599
697
795
893
991
1089
1187
1285
1383
1481
1579
1677
1775
1873
1971
2069
2167
2265
2363
2461
2559
2657
110
208
306
404
502
600
698
796
894
992
1090
1188
1286
1384
1482
1580
1678
1776
1874
1972
2070
2168
2266
2364
2462
2560
2658
111
209
307
405
503
601
699
797
895
993
1091
1189
1287
1385
1483
1581
1679
1777
1875
1973
2071
2169
2267
2365
2463
2561
2659
112
210
308
406
504
602
700
798
896
994
1092
1190
1288
1386
1484
1582
1680
1778
1876
1974
2072
2170
2268
2366
2464
2562
2660
113
211
309
407
505
603
701
799
897
995
1093
1191
1289
1387
1485
1583
1681
1779
1877
1975
2073
2171
2269
2367
2465
2563
2661
114
212
310
408
506
604
702
800
898
996
1094
1192
1290
1388
1486
1584
1682
1780
1878
1976
2074
2172
2270
2368
2466
2564
2662
115
213
311
409
507
605
703
801
899
997
1095
1193
1291
1389
1487
1585
1683
1781
1879
1977
2075
2173
2271
2369
2467
2565
2663
116
214
312
410
508
606
704
802
900
998
1096
1194
1292
1390
1488
1586
1684
1782
1880
1978
2076
2174
2272
2370
2468
2566
2664
117
215
313
411
509
607
705
803
901
999
1097
1195
1293
1391
1489
1587
1685
1783
1881
1979
2077
2175
2273
2371
2469
2567
2665
118
216
314
412
510
608
706
804
902
1000
1098
1196
1294
1392
1490
1588
1686
1784
1882
1980
2078
2176
2274
2372
2470
2568
2666
119
217
315
413
511
609
707
805
903
1001
1099
1197
1295
1393
1491
1589
1687
1785
1883
1981
2079
2177
2275
2373
2471
2569
2667
120
218
316
414
512
610
708
806
904
1002
1100
1198
1296
1394
1492
1590
1688
1786
1884
1982
2080
2178
2276
2374
2472
2570
2668
121
219
317
415
513
611
709
807
905
1003
1101
1199
1297
1395
1493
1591
1689
1787
1885
1983
2081
2179
2277
2375
2473
2571
2669
122
220
318
416
514
612
710
808
906
1004
1102
1200
1298
1396
1494
1592
1690
1788
1886
1984
2082
2180
2278
2376
2474
2572
2670
123
221
319
417
515
613
711
809
907
1005
1103
1201
1299
1397
1495
1593
1691
1789
1887
1985
2083
2181
2279
2377
2475
2573
2671
124
222
320
418
516
614
712
810
908
1006
1104
1202
1300
1398
1496
1594
1692
1790
1888
1986
2084
2182
2280
2378
2476
2574
2672
125
223
321
419
517
615
713
811
909
1007
1105
1203
1301
1399
1497
1595
1693
1791
1889
1987
2085
2183
2281
2379
2477
2575
2673
126
224
322
420
518
616
714
812
910
1008
1106
1204
1302
1400
1498
1596
1694
1792
1890
1988
2086
2184
2282
2380
2478
2576
2674
127
225
323
421
519
617
715
813
911
1009
1107
1205
1303
1401
1499
1597
1695
1793
1891
1989
2087
2185
2283
2381
2479
2577
2675
128
226
324
422
520
618
716
814
912
1010
1108
1206
1304
1402
1500
1598
1696
1794
1892
1990
2088
2186
2284
2382
2480
2578
2676
129
227
325
423
521
619
717
815
913
1011
1109
1207
1305
1403
1501
1599
1697
1795
1893
1991
2089
2187
2285
2383
2481
2579
2677
130
228
326
424
522
620
718
816
914
1012
1110
1208
1306
1404
1502
1600
1698
1796
1894
1992
2090
2188
2286
2384
2482
2580
2678
131
229
327
425
523
621
719
817
915
1013
1111
1209
1307
1405
1503
1601
1699
1797
1895
1993
2091
2189
2287
2385
2483
2581
2679
132
230
328
426
524
622
720
818
916
1014
1112
1210
1308
1406
1504
1602
1700
1798
1896
1994
2092
2190
2288
2386
2484
2582
2680
133
231
329
427
525
623
721
819
917
1015
1113
1211
1309
1407
1505
1603
1701
1799
1897
1995
2093
2191
2289
2387
2485
2583
2681
134
232
330
428
526
624
722
820
918
1016
1114
1212
1310
1408
1506
1604
1702
1800
1898
1996
2094
2192
2290
2388
2486
2584
2682
135
233
331
429
527
625
723
821
919
1017
1115
1213
1311
1409
1507
1605
1703
1801
1899
1997
2095
2193
2291
2389
2487
2585
2683
136
234
332
430
528
626
724
822
920
1018
1116
1214
1312
1410
1508
1606
1704
1802
1900
1998
2096
2194
2292
2390
2488
2586
2684
137
235
333
431
529
627
725
823
921
1019
1117
1215
1313
1411
1509
1607
1705
1803
1901
1999
2097
2195
2293
2391
2489
2587
2685
138
236
334
432
530
628
726
824
922
1020
1118
1216
1314
1412
1510
1608
1706
1804
1902
2000
2098
2196
2294
2392
2490
2588
2686
139
237
335
433
531
629
727
825
923
1021
1119
1217
1315
1413
1511
1609
1707
1805
1903
2001
2099
2197
2295
2393
2491
2589
2687
140
238
336
434
532
630
728
826
924
1022
1120
1218
1316
1414
1512
1610
1708
1806
1904
2002
2100
2198
2296
2394
2492
2590
2688
141
239
337
435
533
631
729
827
925
1023
1121
1219
1317
1415
1513
1611
1709
1807
1905
2003
2101
2199
2297
2395
2493
2591
2689
142
240
338
436
534
632
730
828
926
1024
1122
1220
1318
1416
1514
1612
1710
1808
1906
2004
2102
2200
2298
2396
2494
2592
2690
143
241
339
437
535
633
731
829
927
1025
1123
1221
1319
1417
1515
1613
1711
1809
1907
2005
2103
2201
2299
2397
2495
2593
2691
144
242
340
438
536
634
732
830
928
1026
1124
1222
1320
1418
1516
1614
1712
1810
1908
2006
2104
2202
2300
2398
2496
2594
2692
145
243
341
439
537
635
733
831
929
1027
1125
1223
1321
1419
1517
1615
1713
1811
1909
2007
2105
2203
2301
2399
2497
2595
2693
146
244
342
440
538
636
734
832
930
1028
1126
1224
1322
1420
1518
1616
1714
1812
1910
2008
2106
2204
2302
2400
2498
2596
2694
147
245
343
441
539
637
735
833
931
1029
1127
1225
1323
1421
1519
1617
1715
1813
1911
2009
2107
2205
2303
2401
2499
2597
2695
148
246
344
442
540
638
736
834
932
1030
1128
1226
1324
1422
1520
1618
1716
1814
1912
2010
2108
2206
2304
2402
2500
2598
2696
149
247
345
443
541
639
737
835
933
1031
1129
1227
1325
1423
1521
1619
1717
1815
1913
2011
2109
2207
2305
2403
2501
2599
2697
150
248
346
444
542
640
738
836
934
1032
1130
1228
1326
1424
1522
1620
1718
1816
1914
2012
2110
2208
2306
2404
2502
2600
2698
151
249
347
445
543
641
739
837
935
1033
1131
1229
1327
1425
1523
1621
1719
1817
1915
2013
2111
2209
2307
2405
2503
2601
2699
152
250
348
446
544
642
740
838
936
1034
1132
1230
1328
1426
1524
1622
1720
1818
1916
2014
2112
2210
2308
2406
2504
2602
2700
153
251
349
447
545
643
741
839
937
1035
1133
1231
1329
1427
1525
1623
1721
1819
1917
2015
2113
2211
2309
2407
2505
2603
2701
154
252
350
448
546
644
742
840
938
1036
1134
1232
1330
1428
1526
1624
1722
1820
1918
2016
2114
2212
2310
2408
2506
2604
2702
155
253
351
449
547
645
743
841
939
1037
1135
1233
1331
1429
1527
1625
1723
1821
1919
2017
2115
2213
2311
2409
2507
2605
2703
156
254
352
450
548
646
744
842
940
1038
1136
1234
1332
1430
1528
1626
1724
1822
1920
2018
2116
2214
2312
2410
2508
2606
2704
157
255
353
451
549
647
745
843
941
1039
1137
1235
1333
1431
1529
1627
1725
1823
1921
2019
2117
2215
2313
2411
2509
2607
2705
158
256
354
452
550
648
746
844
942
1040
1138
1236
1334
1432
1530
1628
1726
1824
1922
2020
2118
2216
2314
2412
2510
2608
2706
159
257
355
453
551
649
747
845
943
1041
1139
1237
1335
1433
1531
1629
1727
1825
1923
2021
2119
2217
2315
2413
2511
2609
2707
160
258
356
454
552
650
748
846
944
1042
1140
1238
1336
1434
1532
1630
1728
1826
1924
2022
2120
2218
2316
2414
2512
2610
2708
161
259
357
455
553
651
749
847
945
1043
1141
1239
1337
1435
1533
1631
1729
1827
1925
2023
2121
2219
2317
2415
2513
2611
2709
162
260
358
456
554
652
750
848
946
1044
1142
1240
1338
1436
1534
1632
1730
1828
1926
2024
2122
2220
2318
2416
2514
2612
2710
163
261
359
457
555
653
751
849
947
1045
1143
1241
1339
1437
1535
1633
1731
1829
1927
2025
2123
2221
2319
2417
2515
2613
2711
164
262
360
458
556
654
752
850
948
1046
1144
1242
1340
1438
1536
1634
1732
1830
1928
2026
2124
2222
2320
2418
2516
2614
2712
165
263
361
459
557
655
753
851
949
1047
1145
1243
1341
1439
1537
1635
1733
1831
1929
2027
2125
2223
2321
2419
2517
2615
2713
166
264
362
460
558
656
754
852
950
1048
1146
1244
1342
1440
1538
1636
1734
1832
1930
2028
2126
2224
2322
2420
2518
2616
2714
167
265
363
461
559
657
755
853
951
1049
1147
1245
1343
1441
1539
1637
1735
1833
1931
2029
2127
2225
2323
2421
2519
2617
2715
168
266
364
462
560
658
756
854
952
1050
1148
1246
1344
1442
1540
1638
1736
1834
1932
2030
2128
2226
2324
2422
2520
2618
2716
169
267
365
463
561
659
757
855
953
1051
1149
1247
1345
1443
1541
1639
1737
1835
1933
2031
2129
2227
2325
2423
2521
2619
2717
2718
2816
2914
3000
2719
2817
2915
3001
2720
2818
2916
3002
2721
2819
2917
3003
2722
2820
2918
3004
2723
2821
2919
3005
2724
2822
2920
3006
2725
2823
2921
3007
2726
2824
2922
3008
2727
2825
2923
3009
2728
2826
2924
3010
2729
2827
2925
3011
2730
2828
2926
3012
2731
2829
2927
3013
2732
2830
2928
3014
2733
2831
2929
3015
2734
2832
2930
3016
2735
2833
2931
3017
2736
2834
2932
3018
2737
2835
2933
3019
2738
2836
2934
3020
2739
2837
2935
3021
2740
2838
2936
3022
2741
2839
2937
3023
2742
2840
2938
2743
2841
2939
2744
2842
2940
2745
2843
2941
2746
2844
2942
2747
2845
2943
2748
2846
2944
2749
2847
2945
2750
2848
2946
2751
2849
2947
2752
2850
2948
2753
2851
2949
2754
2852
2950
2755
2853
2951
2756
2854
2952
2757
2855
2953
2758
2856
2954
2759
2857
2955
2760
2858
2956
2761
2859
2957
2762
2860
2958
2763
2861
2959
2764
2862
2960
2765
2863
2961
2766
2864
2962
2767
2865
2963
2768
2866
2964
2769
2867
2965
2770
2868
2966
2771
2869
2967
2772
2870
2968
2773
2871
2969
2774
2872
2970
2775
2873
2971
2776
2874
2972
2777
2875
2973
2778
2876
2974
2779
2877
2975
2780
2878
2976
2781
2879
2977
2782
2880
2978
2783
2881
2979
2784
2882
2980
2785
2883
2981
2786
2884
2982
2787
2885
2983
2788
2886
2984
2789
2887
2985
2790
2888
2986
2791
2889
2987
2792
2890
2988
2793
2891
2989
2794
2892
2990
2795
2893
2991
2796
2894
2992
2797
2895
2993
2798
2896
2994
2799
2897
2995
2800
2898
2996
2801
2899
2997
2802
2900
2998
2803
2901
2999
2804
2902
2805
2903
2806
2904
2807
2905
2808
2906
2809
2907
2810
2908
2811
2909
2812
2910
2813
2911
2814
2912
2815
2913
169
267
365
463
561
659
757
855
953
1051
1149
1247
1345
1443
1541
1639
1737
1835
1933
2031
2129
2227
2325
2423
2521
2619
2717
2815
2913
54
55
56
57
58
59
60
61
62
63
64
65
66
67
68
69
70
71
2902
2903
2904
2905
2906
2907
2908
2909
2910
2911
2912
2913
2938
2939
2940
2941
2942
2943
2944
2945
2946
2947
2948
2949
2950
2951
2952
2953
2954
2955
2956
2957
2958
2959
2960
2961
2962
2963
2964
2965
2966
2967
2968
2969
2970
2971
2972
2973
2974
2975
2976
2977
2978
2979
2980
2981
2982
2983
2984
2985
2986
2987
2988
2989
2990
2991
2992
2993
2994
2995
2996
2997
2998
2999
2999
3000
3001
3002
3003
3004
3005
3006
3007
3008
3009
3010
3011
3012
3013
3014
3015
3016
3017
3018
3019
3020
3021
3022
3023
3023
)


// ************************************************************************* //
