/*--------------------------------*- C++ -*----------------------------------*\
| =========                 |                                                 |
| \\      /  F ield         | OpenFOAM: The Open Source CFD Toolbox           |
|  \\    /   O peration     | Version:  2306                                  |
|   \\  /    A nd           | Website:  www.openfoam.com                      |
|    \\/     M anipulation  |                                                 |
\*---------------------------------------------------------------------------*/
FoamFile
{
    version     2.0;
    format      ascii;
    arch        "LSB;label=32;scalar=64";
    note        "nPoints:6352  nCells:3064  nFaces:12367  nInternalFaces:6017";
    class       labelList;
    location    "constant/polyMesh";
    object      neighbour;
}
// * * * * * * * * * * * * * * * * * * * * * * * * * * * * * * * * * * * * * //


6017
(
1
54
2
55
3
56
4
57
5
58
6
59
7
60
8
61
9
62
10
63
11
64
12
65
13
66
14
67
15
68
16
69
17
70
18
71
19
72
20
73
21
74
22
75
23
76
24
77
25
78
26
79
27
80
28
81
29
82
30
83
31
84
32
85
33
86
34
87
35
88
36
89
37
90
38
91
39
92
40
93
41
94
42
95
43
96
44
97
45
98
46
99
47
100
48
101
49
102
50
103
51
104
52
105
53
106
107
55
108
56
109
57
110
58
111
59
112
60
113
61
114
62
115
63
116
64
117
65
118
66
119
67
120
68
121
69
122
70
123
71
124
72
125
73
126
74
127
75
128
76
129
77
130
78
131
79
132
80
133
81
134
82
135
83
136
84
137
85
138
86
139
87
140
88
141
89
142
90
143
91
144
92
145
93
146
94
147
95
148
96
149
97
150
98
151
99
152
100
153
101
154
102
155
103
156
104
157
105
158
106
159
107
160
161
109
162
110
163
111
164
112
165
113
166
114
167
115
168
116
169
117
170
118
171
119
172
120
173
121
174
122
175
123
176
124
177
125
178
126
179
127
180
128
181
129
182
130
183
131
184
132
185
133
186
134
187
135
188
136
189
137
190
138
191
139
192
140
193
141
194
142
195
143
196
144
197
145
198
146
199
147
200
148
201
149
202
150
203
151
204
152
205
153
206
154
207
155
208
156
209
157
210
158
211
159
212
160
213
161
214
215
163
216
164
217
165
218
166
219
167
220
168
221
169
222
170
223
171
224
172
225
173
226
174
227
175
228
176
229
177
230
178
231
179
232
180
233
181
234
182
235
183
236
184
237
185
238
186
239
187
240
188
241
189
242
190
243
191
244
192
245
193
246
194
247
195
248
196
249
197
250
198
251
199
252
200
253
201
254
202
255
203
256
204
257
205
258
206
259
207
260
208
261
209
262
210
263
211
264
212
265
213
266
214
267
215
268
269
217
270
218
271
219
272
220
273
221
274
222
275
223
276
224
277
225
278
226
279
227
280
228
281
229
282
230
283
231
284
232
285
233
286
234
287
235
288
236
289
237
290
238
291
239
292
240
293
241
294
242
295
243
296
244
297
245
298
246
299
247
300
248
301
249
302
250
303
251
304
252
305
253
306
254
307
255
308
256
309
257
310
258
311
259
312
260
313
261
314
262
315
263
316
264
317
265
318
266
319
267
320
268
321
269
322
323
271
324
272
325
273
326
274
327
275
328
276
329
277
330
278
331
279
332
280
333
281
334
282
335
283
336
284
337
285
338
286
339
287
340
288
341
289
342
290
343
291
344
292
345
293
346
294
347
295
348
296
349
297
350
298
351
299
352
300
353
301
354
302
355
303
356
304
357
305
358
306
359
307
360
308
361
309
362
310
363
311
364
312
365
313
366
314
367
315
368
316
369
317
370
318
371
319
372
320
373
321
374
322
375
323
376
377
325
378
326
379
327
380
328
381
329
382
330
383
331
384
332
385
333
386
334
387
335
388
336
389
337
390
338
391
339
392
340
393
341
394
342
395
343
396
344
397
345
398
346
399
347
400
348
401
349
402
350
403
351
404
352
405
353
406
354
407
355
408
356
409
357
410
358
411
359
412
360
413
361
414
362
415
363
416
364
417
365
418
366
419
367
420
368
421
369
422
370
423
371
424
372
425
373
426
374
427
375
428
376
429
377
430
431
379
432
380
433
381
434
382
435
383
436
384
437
385
438
386
439
387
440
388
441
389
442
390
443
391
444
392
445
393
446
394
447
395
448
396
449
397
450
398
451
399
452
400
453
401
454
402
455
403
456
404
457
405
458
406
459
407
460
408
461
409
462
410
463
411
464
412
465
413
466
414
467
415
468
416
469
417
470
418
471
419
472
420
473
421
474
422
475
423
476
424
477
425
478
426
479
427
480
428
481
429
482
430
483
431
484
485
433
486
434
487
435
488
436
489
437
490
438
491
439
492
440
493
441
494
442
495
443
496
444
497
445
498
446
499
447
500
448
501
449
502
450
503
451
504
452
505
453
506
454
507
455
508
456
509
457
510
458
511
459
512
460
513
461
514
462
515
463
516
464
517
465
518
466
519
467
520
468
521
469
522
470
523
471
524
472
525
473
526
474
527
475
528
476
529
477
530
478
531
479
532
480
533
481
534
482
535
483
536
484
537
485
538
539
487
540
488
541
489
542
490
543
491
544
492
545
493
546
494
547
495
548
496
549
497
550
498
551
499
552
500
553
501
554
502
555
503
556
504
557
505
558
506
559
507
560
508
561
509
562
510
563
511
564
512
565
513
566
514
567
515
568
516
569
517
570
518
571
519
572
520
573
521
574
522
575
523
576
524
577
525
578
526
579
527
580
528
581
529
582
530
583
531
584
532
585
533
586
534
587
535
588
536
589
537
590
538
591
539
592
593
541
594
542
595
543
596
544
597
545
598
546
599
547
600
548
601
549
602
550
603
551
604
552
605
553
606
554
607
555
608
556
609
557
610
558
611
559
612
560
613
561
614
562
615
563
616
564
617
565
618
566
619
567
620
568
621
569
622
570
623
571
624
572
625
573
626
574
627
575
628
576
629
577
630
578
631
579
632
580
633
581
634
582
635
583
636
584
637
585
638
586
639
587
640
588
641
589
642
590
643
591
644
592
645
593
646
647
595
648
596
649
597
650
598
651
599
652
600
653
601
654
602
655
603
656
604
657
605
658
606
659
607
660
608
661
609
662
610
663
611
664
612
665
613
666
614
667
615
668
616
669
617
670
618
671
619
672
620
673
621
674
622
675
623
676
624
677
625
678
626
679
627
680
628
681
629
682
630
683
631
684
632
685
633
686
634
687
635
688
636
689
637
690
638
691
639
692
640
693
641
694
642
695
643
696
644
697
645
698
646
699
647
700
701
649
702
650
703
651
704
652
705
653
706
654
707
655
708
656
709
657
710
658
711
659
712
660
713
661
714
662
715
663
716
664
717
665
718
666
719
667
720
668
721
669
722
670
723
671
724
672
725
673
726
674
727
675
728
676
729
677
730
678
731
679
732
680
733
681
734
682
735
683
736
684
737
685
738
686
739
687
740
688
741
689
742
690
743
691
744
692
745
693
746
694
747
695
748
696
749
697
750
698
751
699
752
700
753
701
754
755
703
756
704
757
705
758
706
759
707
760
708
761
709
762
710
763
711
764
712
765
713
766
714
767
715
768
716
769
717
770
718
771
719
772
720
773
721
774
722
775
723
776
724
777
725
778
726
779
727
780
728
781
729
782
730
783
731
784
732
785
733
786
734
787
735
788
736
789
737
790
738
791
739
792
740
793
741
794
742
795
743
796
744
797
745
798
746
799
747
800
748
801
749
802
750
803
751
804
752
805
753
806
754
807
755
808
809
757
810
758
811
759
812
760
813
761
814
762
815
763
816
764
817
765
818
766
819
767
820
768
821
769
822
770
823
771
824
772
825
773
826
774
827
775
828
776
829
777
830
778
831
779
832
780
833
781
834
782
835
783
836
784
837
785
838
786
839
787
840
788
841
789
842
790
843
791
844
792
845
793
846
794
847
795
848
796
849
797
850
798
851
799
852
800
853
801
854
802
855
803
856
804
857
805
858
806
859
807
860
808
861
809
862
863
811
864
812
865
813
866
814
867
815
868
816
869
817
870
818
871
819
872
820
873
821
874
822
875
823
876
824
877
825
878
826
879
827
880
828
881
829
882
830
883
831
884
832
885
833
886
834
887
835
888
836
889
837
890
838
891
839
892
840
893
841
894
842
895
843
896
844
897
845
898
846
899
847
900
848
901
849
902
850
903
851
904
852
905
853
906
854
907
855
908
856
909
857
910
858
911
859
912
860
913
861
914
862
915
863
916
917
865
918
866
919
867
920
868
921
869
922
870
923
871
924
872
925
873
926
874
927
875
928
876
929
877
930
878
931
879
932
880
933
881
934
882
935
883
936
884
937
885
938
886
939
887
940
888
941
889
942
890
943
891
944
892
945
893
946
894
947
895
948
896
949
897
950
898
951
899
952
900
953
901
954
902
955
903
956
904
957
905
958
906
959
907
960
908
961
909
962
910
963
911
964
912
965
913
966
914
967
915
968
916
969
917
970
971
919
972
920
973
921
974
922
975
923
976
924
977
925
978
926
979
927
980
928
981
929
982
930
983
931
984
932
985
933
986
934
987
935
988
936
989
937
990
938
991
939
992
940
993
941
994
942
995
943
996
944
997
945
998
946
999
947
1000
948
1001
949
1002
950
1003
951
1004
952
1005
953
1006
954
1007
955
1008
956
1009
957
1010
958
1011
959
1012
960
1013
961
1014
962
1015
963
1016
964
1017
965
1018
966
1019
967
1020
968
1021
969
1022
970
1023
971
1024
1025
973
1026
974
1027
975
1028
976
1029
977
1030
978
1031
979
1032
980
1033
981
1034
982
1035
983
1036
984
1037
985
1038
986
1039
987
1040
988
1041
989
1042
990
1043
991
1044
992
1045
993
1046
994
1047
995
1048
996
1049
997
1050
998
1051
999
1052
1000
1053
1001
1054
1002
1055
1003
1056
1004
1057
1005
1058
1006
1059
1007
1060
1008
1061
1009
1062
1010
1063
1011
1064
1012
1065
1013
1066
1014
1067
1015
1068
1016
1069
1017
1070
1018
1071
1019
1072
1020
1073
1021
1074
1022
1075
1023
1076
1024
1077
1025
1078
1079
1027
1080
1028
1081
1029
1082
1030
1083
1031
1084
1032
1085
1033
1086
1034
1087
1035
1088
1036
1089
1037
1090
1038
1091
1039
1092
1040
1093
1041
1094
1042
1095
1043
1096
1044
1097
1045
1098
1046
1099
1047
1100
1048
1101
1049
1102
1050
1103
1051
1104
1052
1105
1053
1106
1054
1107
1055
1108
1056
1109
1057
1110
1058
1111
1059
1112
1060
1113
1061
1114
1062
1115
1063
1116
1064
1117
1065
1118
1066
1119
1067
1120
1068
1121
1069
1122
1070
1123
1071
1124
1072
1125
1073
1126
1074
1127
1075
1128
1076
1129
1077
1130
1078
1131
1079
1132
1133
1081
1134
1082
1135
1083
1136
1084
1137
1085
1138
1086
1139
1087
1140
1088
1141
1089
1142
1090
1143
1091
1144
1092
1145
1093
1146
1094
1147
1095
1148
1096
1149
1097
1150
1098
1151
1099
1152
1100
1153
1101
1154
1102
1155
1103
1156
1104
1157
1105
1158
1106
1159
1107
1160
1108
1161
1109
1162
1110
1163
1111
1164
1112
1165
1113
1166
1114
1167
1115
1168
1116
1169
1117
1170
1118
1171
1119
1172
1120
1173
1121
1174
1122
1175
1123
1176
1124
1177
1125
1178
1126
1179
1127
1180
1128
1181
1129
1182
1130
1183
1131
1184
1132
1185
1133
1186
1187
1135
1188
1136
1189
1137
1190
1138
1191
1139
1192
1140
1193
1141
1194
1142
1195
1143
1196
1144
1197
1145
1198
1146
1199
1147
1200
1148
1201
1149
1202
1150
1203
1151
1204
1152
1205
1153
1206
1154
1207
1155
1208
1156
1209
1157
1210
1158
1211
1159
1212
1160
1213
1161
1214
1162
1215
1163
1216
1164
1217
1165
1218
1166
1219
1167
1220
1168
1221
1169
1222
1170
1223
1171
1224
1172
1225
1173
1226
1174
1227
1175
1228
1176
1229
1177
1230
1178
1231
1179
1232
1180
1233
1181
1234
1182
1235
1183
1236
1184
1237
1185
1238
1186
1239
1187
1240
1241
1189
1242
1190
1243
1191
1244
1192
1245
1193
1246
1194
1247
1195
1248
1196
1249
1197
1250
1198
1251
1199
1252
1200
1253
1201
1254
1202
1255
1203
1256
1204
1257
1205
1258
1206
1259
1207
1260
1208
1261
1209
1262
1210
1263
1211
1264
1212
1265
1213
1266
1214
1267
1215
1268
1216
1269
1217
1270
1218
1271
1219
1272
1220
1273
1221
1274
1222
1275
1223
1276
1224
1277
1225
1278
1226
1279
1227
1280
1228
1281
1229
1282
1230
1283
1231
1284
1232
1285
1233
1286
1234
1287
1235
1288
1236
1289
1237
1290
1238
1291
1239
1292
1240
1293
1241
1294
1295
1243
1296
1244
1297
1245
1298
1246
1299
1247
1300
1248
1301
1249
1302
1250
1303
1251
1304
1252
1305
1253
1306
1254
1307
1255
1308
1256
1309
1257
1310
1258
1311
1259
1312
1260
1313
1261
1314
1262
1315
1263
1316
1264
1317
1265
1318
1266
1319
1267
1320
1268
1321
1269
1322
1270
1323
1271
1324
1272
1325
1273
1326
1274
1327
1275
1328
1276
1329
1277
1330
1278
1331
1279
1332
1280
1333
1281
1334
1282
1335
1283
1336
1284
1337
1285
1338
1286
1339
1287
1340
1288
1341
1289
1342
1290
1343
1291
1344
1292
1345
1293
1346
1294
1347
1295
1348
1349
1297
1350
1298
1351
1299
1352
1300
1353
1301
1354
1302
1355
1303
1356
1304
1357
1305
1358
1306
1359
1307
1360
1308
1361
1309
1362
1310
1363
1311
1364
1312
1365
1313
1366
1314
1367
1315
1368
1316
1369
1317
1370
1318
1371
1319
1372
1320
1373
1321
1374
1322
1375
1323
1376
1324
1377
1325
1378
1326
1379
1327
1380
1328
1381
1329
1382
1330
1383
1331
1384
1332
1385
1333
1386
1334
1387
1335
1388
1336
1389
1337
1390
1338
1391
1339
1392
1340
1393
1341
1394
1342
1395
1343
1396
1344
1397
1345
1398
1346
1399
1347
1400
1348
1401
1349
1402
1403
1351
1404
1352
1405
1353
1406
1354
1407
1355
1408
1356
1409
1357
1410
1358
1411
1359
1412
1360
1413
1361
1414
1362
1415
1363
1416
1364
1417
1365
1418
1366
1419
1367
1420
1368
1421
1369
1422
1370
1423
1371
1424
1372
1425
1373
1426
1374
1427
1375
1428
1376
1429
1377
1430
1378
1431
1379
1432
1380
1433
1381
1434
1382
1435
1383
1436
1384
1437
1385
1438
1386
1439
1387
1440
1388
1441
1389
1442
1390
1443
1391
1444
1392
1445
1393
1446
1394
1447
1395
1448
1396
1449
1397
1450
1398
1451
1399
1452
1400
1453
1401
1454
1402
1455
1403
1456
1457
1405
1458
1406
1459
1407
1460
1408
1461
1409
1462
1410
1463
1411
1464
1412
1465
1413
1466
1414
1467
1415
1468
1416
1469
1417
1470
1418
1471
1419
1472
1420
1473
1421
1474
1422
1475
1423
1476
1424
1477
1425
1478
1426
1479
1427
1480
1428
1481
1429
1482
1430
1483
1431
1484
1432
1485
1433
1486
1434
1487
1435
1488
1436
1489
1437
1490
1438
1491
1439
1492
1440
1493
1441
1494
1442
1495
1443
1496
1444
1497
1445
1498
1446
1499
1447
1500
1448
1501
1449
1502
1450
1503
1451
1504
1452
1505
1453
1506
1454
1507
1455
1508
1456
1509
1457
1510
1511
1459
1512
1460
1513
1461
1514
1462
1515
1463
1516
1464
1517
1465
1518
1466
1519
1467
1520
1468
1521
1469
1522
1470
1523
1471
1524
1472
1525
1473
1526
1474
1527
1475
1528
1476
1529
1477
1530
1478
1531
1479
1532
1480
1533
1481
1534
1482
1535
1483
1536
1484
1537
1485
1538
1486
1539
1487
1540
1488
1541
1489
1542
1490
1543
1491
1544
1492
1545
1493
1546
1494
1547
1495
1548
1496
1549
1497
1550
1498
1551
1499
1552
1500
1553
1501
1554
1502
1555
1503
1556
1504
1557
1505
1558
1506
1559
1507
1560
1508
1561
1509
1562
1510
1563
1511
1564
1565
1513
1566
1514
1567
1515
1568
1516
1569
1517
1570
1518
1571
1519
1572
1520
1573
1521
1574
1522
1575
1523
1576
1524
1577
1525
1578
1526
1579
1527
1580
1528
1581
1529
1582
1530
1583
1531
1584
1532
1585
1533
1586
1534
1587
1535
1588
1536
1589
1537
1590
1538
1591
1539
1592
1540
1593
1541
1594
1542
1595
1543
1596
1544
1597
1545
1598
1546
1599
1547
1600
1548
1601
1549
1602
1550
1603
1551
1604
1552
1605
1553
1606
1554
1607
1555
1608
1556
1609
1557
1610
1558
1611
1559
1612
1560
1613
1561
1614
1562
1615
1563
1616
1564
1617
1565
1618
1619
1567
1620
1568
1621
1569
1622
1570
1623
1571
1624
1572
1625
1573
1626
1574
1627
1575
1628
1576
1629
1577
1630
1578
1631
1579
1632
1580
1633
1581
1634
1582
1635
1583
1636
1584
1637
1585
1638
1586
1639
1587
1640
1588
1641
1589
1642
1590
1643
1591
1644
1592
1645
1593
1646
1594
1647
1595
1648
1596
1649
1597
1650
1598
1651
1599
1652
1600
1653
1601
1654
1602
1655
1603
1656
1604
1657
1605
1658
1606
1659
1607
1660
1608
1661
1609
1662
1610
1663
1611
1664
1612
1665
1613
1666
1614
1667
1615
1668
1616
1669
1617
1670
1618
1671
1619
1672
1673
1621
1674
1622
1675
1623
1676
1624
1677
1625
1678
1626
1679
1627
1680
1628
1681
1629
1682
1630
1683
1631
1684
1632
1685
1633
1686
1634
1687
1635
1688
1636
1689
1637
1690
1638
1691
1639
1692
1640
1693
1641
1694
1642
1695
1643
1696
1644
1697
1645
1698
1646
1699
1647
1700
1648
1701
1649
1702
1650
1703
1651
1704
1652
1705
1653
1706
1654
1707
1655
1708
1656
1709
1657
1710
1658
1711
1659
1712
1660
1713
1661
1714
1662
1715
1663
1716
1664
1717
1665
1718
1666
1719
1667
1720
1668
1721
1669
1722
1670
1723
1671
1724
1672
1725
1673
1726
1727
1675
1728
1676
1729
1677
1730
1678
1731
1679
1732
1680
1733
1681
1734
1682
1735
1683
1736
1684
1737
1685
1738
1686
1739
1687
1740
1688
1741
1689
1742
1690
1743
1691
1744
1692
1745
1693
1746
1694
1747
1695
1748
1696
1749
1697
1750
1698
1751
1699
1752
1700
1753
1701
1754
1702
1755
1703
1756
1704
1757
1705
1758
1706
1759
1707
1760
1708
1761
1709
1762
1710
1763
1711
1764
1712
1765
1713
1766
1714
1767
1715
1768
1716
1769
1717
1770
1718
1771
1719
1772
1720
1773
1721
1774
1722
1775
1723
1776
1724
1777
1725
1778
1726
1779
1727
1780
1781
1729
1782
1730
1783
1731
1784
1732
1785
1733
1786
1734
1787
1735
1788
1736
1789
1737
1790
1738
1791
1739
1792
1740
1793
1741
1794
1742
1795
1743
1796
1744
1797
1745
1798
1746
1799
1747
1800
1748
1801
1749
1802
1750
1803
1751
1804
1752
1805
1753
1806
1754
1807
1755
1808
1756
1809
1757
1810
1758
1811
1759
1812
1760
1813
1761
1814
1762
1815
1763
1816
1764
1817
1765
1818
1766
1819
1767
1820
1768
1821
1769
1822
1770
1823
1771
1824
1772
1825
1773
1826
1774
1827
1775
1828
1776
1829
1777
1830
1778
1831
1779
1832
1780
1833
1781
1834
1835
1783
1836
1784
1837
1785
1838
1786
1839
1787
1840
1788
1841
1789
1842
1790
1843
1791
1844
1792
1845
1793
1846
1794
1847
1795
1848
1796
1849
1797
1850
1798
1851
1799
1852
1800
1853
1801
1854
1802
1855
1803
1856
1804
1857
1805
1858
1806
1859
1807
1860
1808
1861
1809
1862
1810
1863
1811
1864
1812
1865
1813
1866
1814
1867
1815
1868
1816
1869
1817
1870
1818
1871
1819
1872
1820
1873
1821
1874
1822
1875
1823
1876
1824
1877
1825
1878
1826
1879
1827
1880
1828
1881
1829
1882
1830
1883
1831
1884
1832
1885
1833
1886
1834
1887
1835
1888
1889
1837
1890
1838
1891
1839
1892
1840
1893
1841
1894
1842
1895
1843
1896
1844
1897
1845
1898
1846
1899
1847
1900
1848
1901
1849
1902
1850
1903
1851
1904
1852
1905
1853
1906
1854
1907
1855
1908
1856
1909
1857
1910
1858
1911
1859
1912
1860
1913
1861
1914
1862
1915
1863
1916
1864
1917
1865
1918
1866
1919
1867
1920
1868
1921
1869
1922
1870
1923
1871
1924
1872
1925
1873
1926
1874
1927
1875
1928
1876
1929
1877
1930
1878
1931
1879
1932
1880
1933
1881
1934
1882
1935
1883
1936
1884
1937
1885
1938
1886
1939
1887
1940
1888
1941
1889
1942
1943
1891
1944
1892
1945
1893
1946
1894
1947
1895
1948
1896
1949
1897
1950
1898
1951
1899
1952
1900
1953
1901
1954
1902
1955
1903
1956
1904
1957
1905
1958
1906
1959
1907
1960
1908
1961
1909
1962
1910
1963
1911
1964
1912
1965
1913
1966
1914
1967
1915
1968
1916
1969
1917
1970
1918
1971
1919
1972
1920
1973
1921
1974
1922
1975
1923
1976
1924
1977
1925
1978
1926
1979
1927
1980
1928
1981
1929
1982
1930
1983
1931
1984
1932
1985
1933
1986
1934
1987
1935
1988
1936
1989
1937
1990
1938
1991
1939
1992
1940
1993
1941
1994
1942
1995
1943
1996
1997
1945
1998
1946
1999
1947
2000
1948
2001
1949
2002
1950
2003
1951
2004
1952
2005
1953
2006
1954
2007
1955
2008
1956
2009
1957
2010
1958
2011
1959
2012
1960
2013
1961
2014
1962
2015
1963
2016
1964
2017
1965
2018
1966
2019
1967
2020
1968
2021
1969
2022
1970
2023
1971
2024
1972
2025
1973
2026
1974
2027
1975
2028
1976
2029
1977
2030
1978
2031
1979
2032
1980
2033
1981
2034
1982
2035
1983
2036
1984
2037
1985
2038
1986
2039
1987
2040
1988
2041
1989
2042
1990
2043
1991
2044
1992
2045
1993
2046
1994
2047
1995
2048
1996
2049
1997
2050
2051
1999
2052
2000
2053
2001
2054
2002
2055
2003
2056
2004
2057
2005
2058
2006
2059
2007
2060
2008
2061
2009
2062
2010
2063
2011
2064
2012
2065
2013
2066
2014
2067
2015
2068
2016
2069
2017
2070
2018
2071
2019
2072
2020
2073
2021
2074
2022
2075
2023
2076
2024
2077
2025
2078
2026
2079
2027
2080
2028
2081
2029
2082
2030
2083
2031
2084
2032
2085
2033
2086
2034
2087
2035
2088
2036
2089
2037
2090
2038
2091
2039
2092
2040
2093
2041
2094
2042
2095
2043
2096
2044
2097
2045
2098
2046
2099
2047
2100
2048
2101
2049
2102
2050
2103
2051
2104
2105
2053
2106
2054
2107
2055
2108
2056
2109
2057
2110
2058
2111
2059
2112
2060
2113
2061
2114
2062
2115
2063
2116
2064
2117
2065
2118
2066
2119
2067
2120
2068
2121
2069
2122
2070
2123
2071
2124
2072
2125
2073
2126
2074
2127
2075
2128
2076
2129
2077
2130
2078
2131
2079
2132
2080
2133
2081
2134
2082
2135
2083
2136
2084
2137
2085
2138
2086
2139
2087
2140
2088
2141
2089
2142
2090
2143
2091
2144
2092
2145
2093
2146
2094
2147
2095
2148
2096
2149
2097
2150
2098
2151
2099
2152
2100
2153
2101
2154
2102
2155
2103
2156
2104
2157
2105
2158
2159
2107
2160
2108
2161
2109
2162
2110
2163
2111
2164
2112
2165
2113
2166
2114
2167
2115
2168
2116
2169
2117
2170
2118
2171
2119
2172
2120
2173
2121
2174
2122
2175
2123
2176
2124
2177
2125
2178
2126
2179
2127
2180
2128
2181
2129
2182
2130
2183
2131
2184
2132
2185
2133
2186
2134
2187
2135
2188
2136
2189
2137
2190
2138
2191
2139
2192
2140
2193
2141
2194
2142
2195
2143
2196
2144
2197
2145
2198
2146
2199
2147
2200
2148
2201
2149
2202
2150
2203
2151
2204
2152
2205
2153
2206
2154
2207
2155
2208
2156
2209
2157
2210
2158
2211
2159
2212
2213
2161
2214
2162
2215
2163
2216
2164
2217
2165
2218
2166
2219
2167
2220
2168
2221
2169
2222
2170
2223
2171
2224
2172
2225
2173
2226
2174
2227
2175
2228
2176
2229
2177
2230
2178
2231
2179
2232
2180
2233
2181
2234
2182
2235
2183
2236
2184
2237
2185
2238
2186
2239
2187
2240
2188
2241
2189
2242
2190
2243
2191
2244
2192
2245
2193
2246
2194
2247
2195
2248
2196
2249
2197
2250
2198
2251
2199
2252
2200
2253
2201
2254
2202
2255
2203
2256
2204
2257
2205
2258
2206
2259
2207
2260
2208
2261
2209
2262
2210
2263
2211
2264
2212
2265
2213
2266
2267
2215
2268
2216
2269
2217
2270
2218
2271
2219
2272
2220
2273
2221
2274
2222
2275
2223
2276
2224
2277
2225
2278
2226
2279
2227
2280
2228
2281
2229
2282
2230
2283
2231
2284
2232
2285
2233
2286
2234
2287
2235
2288
2236
2289
2237
2290
2238
2291
2239
2292
2240
2293
2241
2294
2242
2295
2243
2296
2244
2297
2245
2298
2246
2299
2247
2300
2248
2301
2249
2302
2250
2303
2251
2304
2252
2305
2253
2306
2254
2307
2255
2308
2256
2309
2257
2310
2258
2311
2259
2312
2260
2313
2261
2314
2262
2315
2263
2316
2264
2317
2265
2318
2266
2319
2267
2320
2321
2269
2322
2270
2323
2271
2324
2272
2325
2273
2326
2274
2327
2275
2328
2276
2329
2277
2330
2278
2331
2279
2332
2280
2333
2281
2334
2282
2335
2283
2336
2284
2337
2285
2338
2286
2339
2287
2340
2288
2341
2289
2342
2290
2343
2291
2344
2292
2345
2293
2346
2294
2347
2295
2348
2296
2349
2297
2350
2298
2351
2299
2352
2300
2353
2301
2354
2302
2355
2303
2356
2304
2357
2305
2358
2306
2359
2307
2360
2308
2361
2309
2362
2310
2363
2311
2364
2312
2365
2313
2366
2314
2367
2315
2368
2316
2369
2317
2370
2318
2371
2319
2372
2320
2373
2321
2374
2375
2323
2376
2324
2377
2325
2378
2326
2379
2327
2380
2328
2381
2329
2382
2330
2383
2331
2384
2332
2385
2333
2386
2334
2387
2335
2388
2336
2389
2337
2390
2338
2391
2339
2392
2340
2393
2341
2394
2342
2395
2343
2396
2344
2397
2345
2398
2346
2399
2347
2400
2348
2401
2349
2402
2350
2403
2351
2404
2352
2405
2353
2406
2354
2407
2355
2408
2356
2409
2357
2410
2358
2411
2359
2412
2360
2413
2361
2414
2362
2415
2363
2416
2364
2417
2365
2418
2366
2419
2367
2420
2368
2421
2369
2422
2370
2423
2371
2424
2372
2425
2373
2426
2374
2427
2375
2428
2429
2377
2430
2378
2431
2379
2432
2380
2433
2381
2434
2382
2435
2383
2436
2384
2437
2385
2438
2386
2439
2387
2440
2388
2441
2389
2442
2390
2443
2391
2444
2392
2445
2393
2446
2394
2447
2395
2448
2396
2449
2397
2450
2398
2451
2399
2452
2400
2453
2401
2454
2402
2455
2403
2456
2404
2457
2405
2458
2406
2459
2407
2460
2408
2461
2409
2462
2410
2463
2411
2464
2412
2465
2413
2466
2414
2467
2415
2468
2416
2469
2417
2470
2418
2471
2419
2472
2420
2473
2421
2474
2422
2475
2423
2476
2424
2477
2425
2478
2426
2479
2427
2480
2428
2481
2429
2482
2483
2431
2484
2432
2485
2433
2486
2434
2487
2435
2488
2436
2489
2437
2490
2438
2491
2439
2492
2440
2493
2441
2494
2442
2495
2443
2496
2444
2497
2445
2498
2446
2499
2447
2500
2448
2501
2449
2502
2450
2503
2451
2504
2452
2505
2453
2506
2454
2507
2455
2508
2456
2509
2457
2510
2458
2511
2459
2512
2460
2513
2461
2514
2462
2515
2463
2516
2464
2517
2465
2518
2466
2519
2467
2520
2468
2521
2469
2522
2470
2523
2471
2524
2472
2525
2473
2526
2474
2527
2475
2528
2476
2529
2477
2530
2478
2531
2479
2532
2480
2533
2481
2534
2482
2535
2483
2536
2537
2485
2538
2486
2539
2487
2540
2488
2541
2489
2542
2490
2543
2491
2544
2492
2545
2493
2546
2494
2547
2495
2548
2496
2549
2497
2550
2498
2551
2499
2552
2500
2553
2501
2554
2502
2555
2503
2556
2504
2557
2505
2558
2506
2559
2507
2560
2508
2561
2509
2562
2510
2563
2511
2564
2512
2565
2513
2566
2514
2567
2515
2568
2516
2569
2517
2570
2518
2571
2519
2572
2520
2573
2521
2574
2522
2575
2523
2576
2524
2577
2525
2578
2526
2579
2527
2580
2528
2581
2529
2582
2530
2583
2531
2584
2532
2585
2533
2586
2534
2587
2535
2588
2536
2589
2537
2590
2591
2539
2592
2540
2593
2541
2594
2542
2595
2543
2596
2544
2597
2545
2598
2546
2599
2547
2600
2548
2601
2549
2602
2550
2603
2551
2604
2552
2605
2553
2606
2554
2607
2555
2608
2556
2609
2557
2610
2558
2611
2559
2612
2560
2613
2561
2614
2562
2615
2563
2616
2564
2617
2565
2618
2566
2619
2567
2620
2568
2621
2569
2622
2570
2623
2571
2624
2572
2625
2573
2626
2574
2627
2575
2628
2576
2629
2577
2630
2578
2631
2579
2632
2580
2633
2581
2634
2582
2635
2583
2636
2584
2637
2585
2638
2586
2639
2587
2640
2588
2641
2589
2642
2590
2643
2591
2644
2645
2593
2646
2594
2647
2595
2648
2596
2649
2597
2650
2598
2651
2599
2652
2600
2653
2601
2654
2602
2655
2603
2656
2604
2657
2605
2658
2606
2659
2607
2660
2608
2661
2609
2662
2610
2663
2611
2664
2612
2665
2613
2666
2614
2667
2615
2668
2616
2669
2617
2670
2618
2671
2619
2672
2620
2673
2621
2674
2622
2675
2623
2676
2624
2677
2625
2678
2626
2679
2627
2680
2628
2681
2629
2682
2630
2683
2631
2684
2632
2685
2633
2686
2634
2687
2635
2688
2636
2689
2637
2690
2638
2691
2639
2692
2640
2693
2641
2694
2642
2695
2643
2696
2644
2697
2645
2698
2699
2647
2700
2648
2701
2649
2702
2650
2703
2651
2704
2652
2705
2653
2706
2654
2707
2655
2708
2656
2709
2657
2710
2658
2711
2659
2712
2660
2713
2661
2714
2662
2715
2663
2716
2664
2717
2665
2718
2666
2719
2667
2720
2668
2721
2669
2722
2670
2723
2671
2724
2672
2725
2673
2726
2674
2727
2675
2728
2676
2729
2677
2730
2678
2731
2679
2732
2680
2733
2681
2734
2682
2735
2683
2736
2684
2737
2685
2738
2686
2739
2687
2740
2688
2741
2689
2742
2690
2743
2691
2744
2692
2745
2693
2746
2694
2747
2695
2748
2696
2749
2697
2750
2698
2751
2699
2701
2752
2702
2753
2703
2754
2704
2755
2705
2756
2706
2757
2707
2758
2708
2759
2709
2760
2710
2761
2711
2762
2712
2763
2713
2764
2714
2765
2715
2766
2716
2767
2717
2768
2718
2769
2719
2770
2720
2771
2721
2772
2722
2773
2723
2774
2724
2775
2725
2776
2726
2777
2727
2778
2728
2779
2729
2780
2730
2781
2731
2782
2732
2783
2733
2784
2734
2785
2735
2786
2736
2787
2737
2788
2738
2789
2739
2790
2740
2791
2741
2792
2742
2793
2743
2794
2744
2795
2745
2796
2746
2797
2747
2798
2748
2799
2749
2800
2750
2801
2751
2802
2803
2753
2804
2754
2805
2755
2806
2756
2807
2757
2808
2758
2809
2759
2810
2760
2811
2761
2812
2762
2813
2763
2814
2764
2815
2765
2816
2766
2817
2767
2818
2768
2819
2769
2820
2770
2821
2771
2822
2772
2823
2773
2824
2774
2825
2775
2826
2776
2827
2777
2828
2778
2829
2779
2830
2780
2831
2781
2832
2782
2833
2783
2834
2784
2835
2785
2836
2786
2837
2787
2838
2788
2839
2789
2840
2790
2841
2791
2842
2792
2843
2793
2844
2794
2845
2795
2846
2796
2847
2797
2848
2798
2849
2799
2850
2800
2851
2801
2852
2802
2853
2803
2854
2855
2805
2856
2806
2857
2807
2858
2808
2859
2809
2860
2810
2861
2811
2862
2812
2863
2813
2864
2814
2865
2815
2866
2816
2867
2817
2868
2818
2869
2819
2870
2820
2871
2821
2872
2822
2873
2823
2874
2824
2875
2825
2876
2826
2877
2827
2878
2828
2879
2829
2880
2830
2881
2831
2882
2832
2883
2833
2884
2834
2885
2835
2886
2836
2887
2837
2888
2838
2889
2839
2890
2840
2891
2841
2892
2842
2893
2843
2894
2844
2895
2845
2896
2846
2897
2847
2898
2848
2899
2849
2900
2850
2901
2851
2902
2852
2903
2853
2904
2854
2905
2855
2906
2907
2857
2908
2858
2909
2859
2910
2860
2911
2861
2912
2862
2913
2863
2914
2864
2915
2865
2916
2866
2917
2867
2918
2868
2919
2869
2920
2870
2921
2871
2922
2872
2923
2873
2924
2874
2925
2875
2926
2876
2927
2877
2928
2878
2929
2879
2930
2880
2931
2881
2932
2882
2933
2883
2934
2884
2935
2885
2936
2886
2937
2887
2938
2888
2939
2889
2940
2890
2941
2891
2942
2892
2943
2893
2944
2894
2945
2895
2946
2896
2947
2897
2948
2898
2949
2899
2950
2900
2951
2901
2952
2902
2953
2903
2954
2904
2955
2905
2956
2906
2957
2907
2958
2959
2909
2960
2910
2961
2911
2962
2912
2963
2913
2964
2914
2965
2915
2966
2916
2967
2917
2968
2918
2969
2919
2970
2920
2971
2921
2972
2922
2973
2923
2974
2924
2975
2925
2976
2926
2977
2927
2978
2928
2979
2929
2980
2930
2981
2931
2982
2932
2983
2933
2984
2934
2985
2935
2986
2936
2987
2937
2988
2938
2989
2939
2990
2940
2991
2941
2992
2942
2993
2943
2994
2944
2995
2945
2996
2946
2997
2947
2998
2948
2999
2949
3000
2950
3001
2951
3002
2952
3003
2953
3004
2954
3005
2955
3006
2956
3007
2957
3008
2958
3009
2959
3010
3011
2961
3012
2962
3013
2963
3014
2964
3015
2965
3016
2966
3017
2967
3018
2968
3019
2969
3020
2970
3021
2971
3022
2972
3023
2973
3024
2974
3025
2975
3026
2976
3027
2977
3028
2978
3029
2979
3030
2980
3031
2981
3032
2982
3033
2983
3034
2984
3035
2985
3036
2986
3037
2987
3038
2988
3039
2989
3040
2990
3041
2991
3042
2992
3043
2993
3044
2994
3045
2995
3046
2996
3047
2997
3048
2998
3049
2999
3050
3000
3051
3001
3052
3002
3053
3003
3054
3004
3055
3005
3056
3006
3057
3007
3058
3008
3059
3009
3060
3010
3061
3011
3062
3063
3013
3014
3015
3016
3017
3018
3019
3020
3021
3022
3023
3024
3025
3026
3027
3028
3029
3030
3031
3032
3033
3034
3035
3036
3037
3038
3039
3040
3041
3042
3043
3044
3045
3046
3047
3048
3049
3050
3051
3052
3053
3054
3055
3056
3057
3058
3059
3060
3061
3062
3063
)


// ************************************************************************* //
