/*--------------------------------*- C++ -*----------------------------------*\
| =========                 |                                                 |
| \\      /  F ield         | OpenFOAM: The Open Source CFD Toolbox           |
|  \\    /   O peration     | Version:  2306                                  |
|   \\  /    A nd           | Website:  www.openfoam.com                      |
|    \\/     M anipulation  |                                                 |
\*---------------------------------------------------------------------------*/
FoamFile
{
    version     2.0;
    format      ascii;
    arch        "LSB;label=32;scalar=64";
    note        "nPoints:6322  nCells:3023  nFaces:12229  nInternalFaces:5909";
    class       labelList;
    location    "constant/polyMesh";
    object      neighbour;
}
// * * * * * * * * * * * * * * * * * * * * * * * * * * * * * * * * * * * * * //


5909
(
1
82
2
83
3
84
4
85
5
86
6
87
7
88
8
89
90
2318
10
91
11
92
12
93
13
94
14
95
15
96
16
97
17
98
18
99
19
100
20
101
21
102
22
103
23
104
24
105
25
106
26
107
27
108
28
109
29
110
30
111
31
112
32
113
33
114
34
115
35
116
36
117
37
118
38
119
39
120
40
121
41
122
42
123
43
124
44
125
45
126
46
127
47
128
48
129
49
130
50
131
51
132
52
133
53
134
54
135
55
136
56
137
57
138
58
139
59
140
60
141
61
142
62
143
63
144
64
145
65
146
66
147
67
148
68
149
69
150
70
151
71
152
72
153
73
154
74
155
75
156
76
157
77
158
78
159
79
160
80
161
81
162
82
163
83
164
84
165
85
166
86
167
87
168
88
169
89
170
90
171
172
2323
92
173
93
174
94
175
95
176
96
177
97
178
98
179
99
180
100
181
101
182
102
183
103
184
104
185
105
186
106
187
107
188
108
189
109
190
110
191
111
192
112
193
113
194
114
195
115
196
116
197
117
198
118
199
119
200
120
201
121
202
122
203
123
204
124
205
125
206
126
207
127
208
128
209
129
210
130
211
131
212
132
213
133
214
134
215
135
216
136
217
137
218
138
219
139
220
140
221
141
222
142
223
143
224
144
225
145
226
146
227
147
228
148
229
149
230
150
231
151
232
152
233
153
234
154
235
155
236
156
237
157
238
158
239
159
240
160
241
161
242
162
243
163
244
164
245
165
246
166
247
167
248
168
249
169
250
170
251
171
252
172
253
254
2348
174
255
175
256
176
257
177
258
178
259
179
260
180
261
181
262
182
263
183
264
184
265
185
266
186
267
187
268
188
269
189
270
190
271
191
272
192
273
193
274
194
275
195
276
196
277
197
278
198
279
199
280
200
281
201
282
202
283
203
284
204
285
205
286
206
287
207
288
208
289
209
290
210
291
211
292
212
293
213
294
214
295
215
296
216
297
217
298
218
299
219
300
220
301
221
302
222
303
223
304
224
305
225
306
226
307
227
308
228
309
229
310
230
311
231
312
232
313
233
314
234
315
235
316
236
317
237
318
238
319
239
320
240
321
241
322
242
323
243
324
244
325
245
326
246
327
247
328
248
329
249
330
250
331
251
332
252
333
253
334
254
335
336
2373
256
337
257
338
258
339
259
340
260
341
261
342
262
343
263
344
264
345
265
346
266
347
267
348
268
349
269
350
270
351
271
352
272
353
273
354
274
355
275
356
276
357
277
358
278
359
279
360
280
361
281
362
282
363
283
364
284
365
285
366
286
367
287
368
288
369
289
370
290
371
291
372
292
373
293
374
294
375
295
376
296
377
297
378
298
379
299
380
300
381
301
382
302
383
303
384
304
385
305
386
306
387
307
388
308
389
309
390
310
391
311
392
312
393
313
394
314
395
315
396
316
397
317
398
318
399
319
400
320
401
321
402
322
403
323
404
324
405
325
406
326
407
327
408
328
409
329
410
330
411
331
412
332
413
333
414
334
415
335
416
336
417
418
2398
338
419
339
420
340
421
341
422
342
423
343
424
344
425
345
426
346
427
347
428
348
429
349
430
350
431
351
432
352
433
353
434
354
435
355
436
356
437
357
438
358
439
359
440
360
441
361
442
362
443
363
444
364
445
365
446
366
447
367
448
368
449
369
450
370
451
371
452
372
453
373
454
374
455
375
456
376
457
377
458
378
459
379
460
380
461
381
462
382
463
383
464
384
465
385
466
386
467
387
468
388
469
389
470
390
471
391
472
392
473
393
474
394
475
395
476
396
477
397
478
398
479
399
480
400
481
401
482
402
483
403
484
404
485
405
486
406
487
407
488
408
489
409
490
410
491
411
492
412
493
413
494
414
495
415
496
416
497
417
498
418
499
500
2423
420
501
421
502
422
503
423
504
424
505
425
506
426
507
427
508
428
509
429
510
430
511
431
512
432
513
433
514
434
515
435
516
436
517
437
518
438
519
439
520
440
521
441
522
442
523
443
524
444
525
445
526
446
527
447
528
448
529
449
530
450
531
451
532
452
533
453
534
454
535
455
536
456
537
457
538
458
539
459
540
460
541
461
542
462
543
463
544
464
545
465
546
466
547
467
548
468
549
469
550
470
551
471
552
472
553
473
554
474
555
475
556
476
557
477
558
478
559
479
560
480
561
481
562
482
563
483
564
484
565
485
566
486
567
487
568
488
569
489
570
490
571
491
572
492
573
493
574
494
575
495
576
496
577
497
578
498
579
499
580
500
581
582
2448
502
583
503
584
504
585
505
586
506
587
507
588
508
589
509
590
510
591
511
592
512
593
513
594
514
595
515
596
516
597
517
598
518
599
519
600
520
601
521
602
522
603
523
604
524
605
525
606
526
607
527
608
528
609
529
610
530
611
531
612
532
613
533
614
534
615
535
616
536
617
537
618
538
619
539
620
540
621
541
622
542
623
543
624
544
625
545
626
546
627
547
628
548
629
549
630
550
631
551
632
552
633
553
634
554
635
555
636
556
637
557
638
558
639
559
640
560
641
561
642
562
643
563
644
564
645
565
646
566
647
567
648
568
649
569
650
570
651
571
652
572
653
573
654
574
655
575
656
576
657
577
658
578
659
579
660
580
661
581
662
582
663
664
2473
584
665
585
666
586
667
587
668
588
669
589
670
590
671
591
672
592
673
593
674
594
675
595
676
596
677
597
678
598
679
599
680
600
681
601
682
602
683
603
684
604
685
605
686
606
687
607
688
608
689
609
690
610
691
611
692
612
693
613
694
614
695
615
696
616
697
617
698
618
699
619
700
620
701
621
702
622
703
623
704
624
705
625
706
626
707
627
708
628
709
629
710
630
711
631
712
632
713
633
714
634
715
635
716
636
717
637
718
638
719
639
720
640
721
641
722
642
723
643
724
644
725
645
726
646
727
647
728
648
729
649
730
650
731
651
732
652
733
653
734
654
735
655
736
656
737
657
738
658
739
659
740
660
741
661
742
662
743
663
744
664
745
746
2498
666
747
667
748
668
749
669
750
670
751
671
752
672
753
673
754
674
755
675
756
676
757
677
758
678
759
679
760
680
761
681
762
682
763
683
764
684
765
685
766
686
767
687
768
688
769
689
770
690
771
691
772
692
773
693
774
694
775
695
776
696
777
697
778
698
779
699
780
700
781
701
782
702
783
703
784
704
785
705
786
706
787
707
788
708
789
709
790
710
791
711
792
712
793
713
794
714
795
715
796
716
797
717
798
718
799
719
800
720
801
721
802
722
803
723
804
724
805
725
806
726
807
727
808
728
809
729
810
730
811
731
812
732
813
733
814
734
815
735
816
736
817
737
818
738
819
739
820
740
821
741
822
742
823
743
824
744
825
745
826
746
827
828
2523
748
829
749
830
750
831
751
832
752
833
753
834
754
835
755
836
756
837
757
838
758
839
759
840
760
841
761
842
762
843
763
844
764
845
765
846
766
847
767
848
768
849
769
850
770
851
771
852
772
853
773
854
774
855
775
856
776
857
777
858
778
859
779
860
780
861
781
862
782
863
783
864
784
865
785
866
786
867
787
868
788
869
789
870
790
871
791
872
792
873
793
874
794
875
795
876
796
877
797
878
798
879
799
880
800
881
801
882
802
883
803
884
804
885
805
886
806
887
807
888
808
889
809
890
810
891
811
892
812
893
813
894
814
895
815
896
816
897
817
898
818
899
819
900
820
901
821
902
822
903
823
904
824
905
825
906
826
907
827
908
828
909
910
2548
830
911
831
912
832
913
833
914
834
915
835
916
836
917
837
918
838
919
839
920
840
921
841
922
842
923
843
924
844
925
845
926
846
927
847
928
848
929
849
930
850
931
851
932
852
933
853
934
854
935
855
936
856
937
857
938
858
939
859
940
860
941
861
942
862
943
863
944
864
945
865
946
866
947
867
948
868
949
869
950
870
951
871
952
872
953
873
954
874
955
875
956
876
957
877
958
878
959
879
960
880
961
881
962
882
963
883
964
884
965
885
966
886
967
887
968
888
969
889
970
890
971
891
972
892
973
893
974
894
975
895
976
896
977
897
978
898
979
899
980
900
981
901
982
902
983
903
984
904
985
905
986
906
987
907
988
908
989
909
990
910
991
992
2573
912
993
913
994
914
995
915
996
916
997
917
998
918
999
919
1000
920
1001
921
1002
922
1003
923
1004
924
1005
925
1006
926
1007
927
1008
928
1009
929
1010
930
1011
931
1012
932
1013
933
1014
934
1015
935
1016
936
1017
937
1018
938
1019
939
1020
940
1021
941
1022
942
1023
943
1024
944
1025
945
1026
946
1027
947
1028
948
1029
949
1030
950
1031
951
1032
952
1033
953
1034
954
1035
955
1036
956
1037
957
1038
958
1039
959
1040
960
1041
961
1042
962
1043
963
1044
964
1045
965
1046
966
1047
967
1048
968
1049
969
1050
970
1051
971
1052
972
1053
973
1054
974
1055
975
1056
976
1057
977
1058
978
1059
979
1060
980
1061
981
1062
982
1063
983
1064
984
1065
985
1066
986
1067
987
1068
988
1069
989
1070
990
1071
991
1072
992
1073
1074
2598
994
1075
995
1076
996
1077
997
1078
998
1079
999
1080
1000
1081
1001
1082
1002
1083
1003
1084
1004
1085
1005
1086
1006
1087
1007
1088
1008
1089
1009
1090
1010
1091
1011
1092
1012
1093
1013
1094
1014
1095
1015
1096
1016
1097
1017
1098
1018
1099
1019
1100
1020
1101
1021
1102
1022
1103
1023
1104
1024
1105
1025
1106
1026
1107
1027
1108
1028
1109
1029
1110
1030
1111
1031
1112
1032
1113
1033
1114
1034
1115
1035
1116
1036
1117
1037
1118
1038
1119
1039
1120
1040
1121
1041
1122
1042
1123
1043
1124
1044
1125
1045
1126
1046
1127
1047
1128
1048
1129
1049
1130
1050
1131
1051
1132
1052
1133
1053
1134
1054
1135
1055
1136
1056
1137
1057
1138
1058
1139
1059
1140
1060
1141
1061
1142
1062
1143
1063
1144
1064
1145
1065
1146
1066
1147
1067
1148
1068
1149
1069
1150
1070
1151
1071
1152
1072
1153
1073
1154
1074
1155
1156
2623
1076
1157
1077
1158
1078
1159
1079
1160
1080
1161
1081
1162
1082
1163
1083
1164
1084
1165
1085
1166
1086
1167
1087
1168
1088
1169
1089
1170
1090
1171
1091
1172
1092
1173
1093
1174
1094
1175
1095
1176
1096
1177
1097
1178
1098
1179
1099
1180
1100
1181
1101
1182
1102
1183
1103
1184
1104
1185
1105
1186
1106
1187
1107
1188
1108
1189
1109
1190
1110
1191
1111
1192
1112
1193
1113
1194
1114
1195
1115
1196
1116
1197
1117
1198
1118
1199
1119
1200
1120
1201
1121
1202
1122
1203
1123
1204
1124
1205
1125
1206
1126
1207
1127
1208
1128
1209
1129
1210
1130
1211
1131
1212
1132
1213
1133
1214
1134
1215
1135
1216
1136
1217
1137
1218
1138
1219
1139
1220
1140
1221
1141
1222
1142
1223
1143
1224
1144
1225
1145
1226
1146
1227
1147
1228
1148
1229
1149
1230
1150
1231
1151
1232
1152
1233
1153
1234
1154
1235
1155
1236
1156
1237
1238
2648
1158
1240
1159
1241
1160
1242
1161
1243
1162
1244
1163
1245
1164
1246
1165
1247
1166
1248
1167
1249
1168
1250
1169
1251
1170
1252
1171
1253
1172
1254
1173
1255
1174
1256
1175
1257
1176
1258
1177
1259
1178
1260
1179
1261
1180
1262
1181
1263
1182
1264
1183
1265
1184
1266
1185
1267
1186
1268
1187
1269
1188
1270
1189
1271
1190
1272
1191
1273
1192
1274
1193
1275
1194
1276
1195
1277
1196
1278
1197
1279
1198
1280
1199
1281
1200
1282
1201
1283
1202
1284
1203
1285
1204
1286
1205
1287
1206
1288
1207
1289
1208
1290
1209
1291
1210
1292
1211
1293
1212
1294
1213
1295
1214
1296
1215
1297
1216
1298
1217
1299
1218
1300
1219
1301
1220
1302
1221
1303
1222
1304
1223
1305
1224
1306
1225
1307
1226
1308
1227
1309
1228
1310
1229
1311
1230
1312
1231
1313
1232
1314
1233
1315
1234
1316
1235
1317
1236
1318
1237
1319
1238
1320
1321
2673
1240
1322
1241
1323
1242
1324
1243
1325
1244
1326
1245
1327
1246
1328
1247
1329
1248
1330
1249
1331
1250
1332
1251
1333
1252
1334
1253
1335
1254
1336
1255
1337
1256
1338
1257
1339
1258
1340
1259
1341
1260
1342
1261
1343
1262
1344
1263
1345
1264
1346
1265
1347
1266
1348
1267
1349
1268
1350
1269
1351
1270
1352
1271
1353
1272
1354
1273
1355
1274
1356
1275
1357
1276
1358
1277
1359
1278
1360
1279
1361
1280
1362
1281
1363
1282
1364
1283
1365
1284
1366
1285
1367
1286
1368
1287
1369
1288
1370
1289
1371
1290
1372
1291
1373
1292
1374
1293
1375
1294
1376
1295
1377
1296
1378
1297
1379
1298
1380
1299
1381
1300
1382
1301
1383
1302
1384
1303
1385
1304
1386
1305
1387
1306
1388
1307
1389
1308
1390
1309
1391
1310
1392
1311
1393
1312
1394
1313
1395
1314
1396
1315
1397
1316
1398
1317
1399
1318
1400
1319
1401
1320
1402
1321
1403
1404
2698
1323
1405
1324
1406
1325
1407
1326
1408
1327
1409
1328
1410
1329
1411
1330
1412
1331
1413
1332
1414
1333
1415
1334
1416
1335
1417
1336
1418
1337
1419
1338
1420
1339
1421
1340
1422
1341
1423
1342
1424
1343
1425
1344
1426
1345
1427
1346
1428
1347
1429
1348
1430
1349
1431
1350
1432
1351
1433
1352
1434
1353
1435
1354
1436
1355
1437
1356
1438
1357
1439
1358
1440
1359
1441
1360
1442
1361
1443
1362
1444
1363
1445
1364
1446
1365
1447
1366
1448
1367
1449
1368
1450
1369
1451
1370
1452
1371
1453
1372
1454
1373
1455
1374
1456
1375
1457
1376
1458
1377
1459
1378
1460
1379
1461
1380
1462
1381
1463
1382
1464
1383
1465
1384
1466
1385
1467
1386
1468
1387
1469
1388
1470
1389
1471
1390
1472
1391
1473
1392
1474
1393
1475
1394
1476
1395
1477
1396
1478
1397
1479
1398
1480
1399
1481
1400
1482
1401
1483
1402
1484
1403
1485
1404
1486
1487
2723
1406
1488
1407
1489
1408
1490
1409
1491
1410
1492
1411
1493
1412
1494
1413
1495
1414
1496
1415
1497
1416
1498
1417
1499
1418
1500
1419
1501
1420
1502
1421
1503
1422
1504
1423
1505
1424
1506
1425
1507
1426
1508
1427
1509
1428
1510
1429
1511
1430
1512
1431
1513
1432
1514
1433
1515
1434
1516
1435
1517
1436
1518
1437
1519
1438
1520
1439
1521
1440
1522
1441
1523
1442
1524
1443
1525
1444
1526
1445
1527
1446
1528
1447
1529
1448
1530
1449
1531
1450
1532
1451
1533
1452
1534
1453
1535
1454
1536
1455
1537
1456
1538
1457
1539
1458
1540
1459
1541
1460
1542
1461
1543
1462
1544
1463
1545
1464
1546
1465
1547
1466
1548
1467
1549
1468
1550
1469
1551
1470
1552
1471
1553
1472
1554
1473
1555
1474
1556
1475
1557
1476
1558
1477
1559
1478
1560
1479
1561
1480
1562
1481
1563
1482
1564
1483
1565
1484
1566
1485
1567
1486
1568
1487
1569
1570
2748
1489
1571
1490
1572
1491
1573
1492
1574
1493
1575
1494
1576
1495
1577
1496
1578
1497
1579
1498
1580
1499
1581
1500
1582
1501
1583
1502
1584
1503
1585
1504
1586
1505
1587
1506
1588
1507
1589
1508
1590
1509
1591
1510
1592
1511
1593
1512
1594
1513
1595
1514
1596
1515
1597
1516
1598
1517
1599
1518
1600
1519
1601
1520
1602
1521
1603
1522
1604
1523
1605
1524
1606
1525
1607
1526
1608
1527
1609
1528
1610
1529
1611
1530
1612
1531
1613
1532
1614
1533
1615
1534
1616
1535
1617
1536
1618
1537
1619
1538
1620
1539
1621
1540
1622
1541
1623
1542
1624
1543
1625
1544
1626
1545
1627
1546
1628
1547
1629
1548
1630
1549
1631
1550
1632
1551
1633
1552
1634
1553
1635
1554
1636
1555
1637
1556
1638
1557
1639
1558
1640
1559
1641
1560
1642
1561
1643
1562
1644
1563
1645
1564
1646
1565
1647
1566
1648
1567
1649
1568
1650
1569
1651
1570
1652
1653
2773
1572
1654
1573
1655
1574
1656
1575
1657
1576
1658
1577
1659
1578
1660
1579
1661
1580
1662
1581
1663
1582
1664
1583
1665
1584
1666
1585
1667
1586
1668
1587
1669
1588
1670
1589
1671
1590
1672
1591
1673
1592
1674
1593
1675
1594
1676
1595
1677
1596
1678
1597
1679
1598
1680
1599
1681
1600
1682
1601
1683
1602
1684
1603
1685
1604
1686
1605
1687
1606
1688
1607
1689
1608
1690
1609
1691
1610
1692
1611
1693
1612
1694
1613
1695
1614
1696
1615
1697
1616
1698
1617
1699
1618
1700
1619
1701
1620
1702
1621
1703
1622
1704
1623
1705
1624
1706
1625
1707
1626
1708
1627
1709
1628
1710
1629
1711
1630
1712
1631
1713
1632
1714
1633
1715
1634
1716
1635
1717
1636
1718
1637
1719
1638
1720
1639
1721
1640
1722
1641
1723
1642
1724
1643
1725
1644
1726
1645
1727
1646
1728
1647
1729
1648
1730
1649
1731
1650
1732
1651
1733
1652
1734
1653
1735
1736
2798
1655
1737
1656
1738
1657
1739
1658
1740
1659
1741
1660
1742
1661
1743
1662
1744
1663
1745
1664
1746
1665
1747
1666
1748
1667
1749
1668
1750
1669
1751
1670
1752
1671
1753
1672
1754
1673
1755
1674
1756
1675
1757
1676
1758
1677
1759
1678
1760
1679
1761
1680
1762
1681
1763
1682
1764
1683
1765
1684
1766
1685
1767
1686
1768
1687
1769
1688
1770
1689
1771
1690
1772
1691
1773
1692
1774
1693
1775
1694
1776
1695
1777
1696
1778
1697
1779
1698
1780
1699
1781
1700
1782
1701
1783
1702
1784
1703
1785
1704
1786
1705
1787
1706
1788
1707
1789
1708
1790
1709
1791
1710
1792
1711
1793
1712
1794
1713
1795
1714
1796
1715
1797
1716
1798
1717
1799
1718
1800
1719
1801
1720
1802
1721
1803
1722
1804
1723
1805
1724
1806
1725
1807
1726
1808
1727
1809
1728
1810
1729
1811
1730
1812
1731
1813
1732
1814
1733
1815
1734
1816
1735
1817
1736
1818
1819
2823
1738
1820
1739
1821
1740
1822
1741
1823
1742
1824
1743
1825
1744
1826
1745
1827
1746
1828
1747
1829
1748
1830
1749
1831
1750
1832
1751
1833
1752
1834
1753
1835
1754
1836
1755
1837
1756
1838
1757
1839
1758
1840
1759
1841
1760
1842
1761
1843
1762
1844
1763
1845
1764
1846
1765
1847
1766
1848
1767
1849
1768
1850
1769
1851
1770
1852
1771
1853
1772
1854
1773
1855
1774
1856
1775
1857
1776
1858
1777
1859
1778
1860
1779
1861
1780
1862
1781
1863
1782
1864
1783
1865
1784
1866
1785
1867
1786
1868
1787
1869
1788
1870
1789
1871
1790
1872
1791
1873
1792
1874
1793
1875
1794
1876
1795
1877
1796
1878
1797
1879
1798
1880
1799
1881
1800
1882
1801
1883
1802
1884
1803
1885
1804
1886
1805
1887
1806
1888
1807
1889
1808
1890
1809
1891
1810
1892
1811
1893
1812
1894
1813
1895
1814
1896
1815
1897
1816
1898
1817
1899
1818
1900
1819
1901
1902
2848
1821
1903
1822
1904
1823
1905
1824
1906
1825
1907
1826
1908
1827
1909
1828
1910
1829
1911
1830
1912
1831
1913
1832
1914
1833
1915
1834
1916
1835
1917
1836
1918
1837
1919
1838
1920
1839
1921
1840
1922
1841
1923
1842
1924
1843
1925
1844
1926
1845
1927
1846
1928
1847
1929
1848
1930
1849
1931
1850
1932
1851
1933
1852
1934
1853
1935
1854
1936
1855
1937
1856
1938
1857
1939
1858
1940
1859
1941
1860
1942
1861
1943
1862
1944
1863
1945
1864
1946
1865
1947
1866
1948
1867
1949
1868
1950
1869
1951
1870
1952
1871
1953
1872
1954
1873
1955
1874
1956
1875
1957
1876
1958
1877
1959
1878
1960
1879
1961
1880
1962
1881
1963
1882
1964
1883
1965
1884
1966
1885
1967
1886
1968
1887
1969
1888
1970
1889
1971
1890
1972
1891
1973
1892
1974
1893
1975
1894
1976
1895
1977
1896
1978
1897
1979
1898
1980
1899
1981
1900
1982
1901
1983
1902
1984
1985
2873
1904
1986
1905
1987
1906
1988
1907
1989
1908
1990
1909
1991
1910
1992
1911
1993
1912
1994
1913
1995
1914
1996
1915
1997
1916
1998
1917
1999
1918
2000
1919
2001
1920
2002
1921
2003
1922
2004
1923
2005
1924
2006
1925
2007
1926
2008
1927
2009
1928
2010
1929
2011
1930
2012
1931
2013
1932
2014
1933
2015
1934
2016
1935
2017
1936
2018
1937
2019
1938
2020
1939
2021
1940
2022
1941
2023
1942
2024
1943
2025
1944
2026
1945
2027
1946
2028
1947
2029
1948
2030
1949
2031
1950
2032
1951
2033
1952
2034
1953
2035
1954
2036
1955
2037
1956
2038
1957
2039
1958
2040
1959
2041
1960
2042
1961
2043
1962
2044
1963
2045
1964
2046
1965
2047
1966
2048
1967
2049
1968
2050
1969
2051
1970
2052
1971
2053
1972
2054
1973
2055
1974
2056
1975
2057
1976
2058
1977
2059
1978
2060
1979
2061
1980
2062
1981
2063
1982
2064
1983
2065
1984
2066
1985
2067
2068
2898
1987
2069
1988
2070
1989
2071
1990
2072
1991
2073
1992
2074
1993
2075
1994
2076
1995
2077
1996
2078
1997
2079
1998
2080
1999
2081
2000
2082
2001
2083
2002
2084
2003
2085
2004
2086
2005
2087
2006
2088
2007
2089
2008
2090
2009
2091
2010
2092
2011
2093
2012
2094
2013
2095
2014
2096
2015
2097
2016
2098
2017
2099
2018
2100
2019
2101
2020
2102
2021
2103
2022
2104
2023
2105
2024
2106
2025
2107
2026
2108
2027
2109
2028
2110
2029
2111
2030
2112
2031
2113
2032
2114
2033
2115
2034
2116
2035
2117
2036
2118
2037
2119
2038
2120
2039
2121
2040
2122
2041
2123
2042
2124
2043
2125
2044
2126
2045
2127
2046
2128
2047
2129
2048
2130
2049
2131
2050
2132
2051
2133
2052
2134
2053
2135
2054
2136
2055
2137
2056
2138
2057
2139
2058
2140
2059
2141
2060
2142
2061
2143
2062
2144
2063
2145
2064
2146
2065
2147
2066
2148
2067
2149
2068
2150
2151
2923
2070
2152
2071
2153
2072
2154
2073
2155
2074
2156
2075
2157
2076
2158
2077
2159
2078
2160
2079
2161
2080
2162
2081
2163
2082
2164
2083
2165
2084
2166
2085
2167
2086
2168
2087
2169
2088
2170
2089
2171
2090
2172
2091
2173
2092
2174
2093
2175
2094
2176
2095
2177
2096
2178
2097
2179
2098
2180
2099
2181
2100
2182
2101
2183
2102
2184
2103
2185
2104
2186
2105
2187
2106
2188
2107
2189
2108
2190
2109
2191
2110
2192
2111
2193
2112
2194
2113
2195
2114
2196
2115
2197
2116
2198
2117
2199
2118
2200
2119
2201
2120
2202
2121
2203
2122
2204
2123
2205
2124
2206
2125
2207
2126
2208
2127
2209
2128
2210
2129
2211
2130
2212
2131
2213
2132
2214
2133
2215
2134
2216
2135
2217
2136
2218
2137
2219
2138
2220
2139
2221
2140
2222
2141
2223
2142
2224
2143
2225
2144
2226
2145
2227
2146
2228
2147
2229
2148
2230
2149
2231
2150
2232
2151
2233
2234
2948
2153
2235
2154
2236
2155
2237
2156
2238
2157
2239
2158
2240
2159
2241
2160
2242
2161
2243
2162
2244
2163
2245
2164
2246
2165
2247
2166
2248
2167
2249
2168
2250
2169
2251
2170
2252
2171
2253
2172
2254
2173
2255
2174
2256
2175
2257
2176
2258
2177
2259
2178
2260
2179
2261
2180
2262
2181
2263
2182
2264
2183
2265
2184
2266
2185
2267
2186
2268
2187
2269
2188
2270
2189
2271
2190
2272
2191
2273
2192
2274
2193
2275
2194
2276
2195
2277
2196
2278
2197
2279
2198
2280
2199
2281
2200
2282
2201
2283
2202
2284
2203
2285
2204
2286
2205
2287
2206
2288
2207
2289
2208
2290
2209
2291
2210
2292
2211
2293
2212
2294
2213
2295
2214
2296
2215
2297
2216
2298
2217
2299
2218
2300
2219
2301
2220
2302
2221
2303
2222
2304
2223
2305
2224
2306
2225
2307
2226
2308
2227
2309
2228
2310
2229
2311
2230
2312
2231
2313
2232
2314
2233
2315
2234
2316
2317
2973
2236
2237
2238
2239
2240
2241
2242
2243
2244
2245
2246
2247
2248
2249
2250
2251
2252
2253
2254
2255
2256
2257
2258
2259
2260
2261
2262
2263
2264
2265
2266
2267
2268
2269
2270
2271
2272
2273
2274
2275
2276
2277
2278
2279
2280
2281
2282
2283
2284
2285
2286
2287
2288
2289
2290
2291
2292
2293
2294
2295
2296
2297
2298
2299
2300
2301
2302
2303
2304
2305
2306
2307
2308
2309
2310
2311
2312
2313
2314
2315
2316
2317
2998
2319
2323
2320
2324
2321
2325
2322
2326
2327
2324
2348
2325
2349
2326
2350
2327
2351
2328
2352
2329
2353
2330
2354
2331
2355
2332
2356
2333
2357
2334
2358
2335
2359
2336
2360
2337
2361
2338
2362
2339
2363
2340
2364
2341
2365
2342
2366
2343
2367
2344
2368
2345
2369
2346
2370
2347
2371
2372
2349
2373
2350
2374
2351
2375
2352
2376
2353
2377
2354
2378
2355
2379
2356
2380
2357
2381
2358
2382
2359
2383
2360
2384
2361
2385
2362
2386
2363
2387
2364
2388
2365
2389
2366
2390
2367
2391
2368
2392
2369
2393
2370
2394
2371
2395
2372
2396
2397
2374
2398
2375
2399
2376
2400
2377
2401
2378
2402
2379
2403
2380
2404
2381
2405
2382
2406
2383
2407
2384
2408
2385
2409
2386
2410
2387
2411
2388
2412
2389
2413
2390
2414
2391
2415
2392
2416
2393
2417
2394
2418
2395
2419
2396
2420
2397
2421
2422
2399
2423
2400
2424
2401
2425
2402
2426
2403
2427
2404
2428
2405
2429
2406
2430
2407
2431
2408
2432
2409
2433
2410
2434
2411
2435
2412
2436
2413
2437
2414
2438
2415
2439
2416
2440
2417
2441
2418
2442
2419
2443
2420
2444
2421
2445
2422
2446
2447
2424
2448
2425
2449
2426
2450
2427
2451
2428
2452
2429
2453
2430
2454
2431
2455
2432
2456
2433
2457
2434
2458
2435
2459
2436
2460
2437
2461
2438
2462
2439
2463
2440
2464
2441
2465
2442
2466
2443
2467
2444
2468
2445
2469
2446
2470
2447
2471
2472
2449
2473
2450
2474
2451
2475
2452
2476
2453
2477
2454
2478
2455
2479
2456
2480
2457
2481
2458
2482
2459
2483
2460
2484
2461
2485
2462
2486
2463
2487
2464
2488
2465
2489
2466
2490
2467
2491
2468
2492
2469
2493
2470
2494
2471
2495
2472
2496
2497
2474
2498
2475
2499
2476
2500
2477
2501
2478
2502
2479
2503
2480
2504
2481
2505
2482
2506
2483
2507
2484
2508
2485
2509
2486
2510
2487
2511
2488
2512
2489
2513
2490
2514
2491
2515
2492
2516
2493
2517
2494
2518
2495
2519
2496
2520
2497
2521
2522
2499
2523
2500
2524
2501
2525
2502
2526
2503
2527
2504
2528
2505
2529
2506
2530
2507
2531
2508
2532
2509
2533
2510
2534
2511
2535
2512
2536
2513
2537
2514
2538
2515
2539
2516
2540
2517
2541
2518
2542
2519
2543
2520
2544
2521
2545
2522
2546
2547
2524
2548
2525
2549
2526
2550
2527
2551
2528
2552
2529
2553
2530
2554
2531
2555
2532
2556
2533
2557
2534
2558
2535
2559
2536
2560
2537
2561
2538
2562
2539
2563
2540
2564
2541
2565
2542
2566
2543
2567
2544
2568
2545
2569
2546
2570
2547
2571
2572
2549
2573
2550
2574
2551
2575
2552
2576
2553
2577
2554
2578
2555
2579
2556
2580
2557
2581
2558
2582
2559
2583
2560
2584
2561
2585
2562
2586
2563
2587
2564
2588
2565
2589
2566
2590
2567
2591
2568
2592
2569
2593
2570
2594
2571
2595
2572
2596
2597
2574
2598
2575
2599
2576
2600
2577
2601
2578
2602
2579
2603
2580
2604
2581
2605
2582
2606
2583
2607
2584
2608
2585
2609
2586
2610
2587
2611
2588
2612
2589
2613
2590
2614
2591
2615
2592
2616
2593
2617
2594
2618
2595
2619
2596
2620
2597
2621
2622
2599
2623
2600
2624
2601
2625
2602
2626
2603
2627
2604
2628
2605
2629
2606
2630
2607
2631
2608
2632
2609
2633
2610
2634
2611
2635
2612
2636
2613
2637
2614
2638
2615
2639
2616
2640
2617
2641
2618
2642
2619
2643
2620
2644
2621
2645
2622
2646
2647
2624
2648
2625
2649
2626
2650
2627
2651
2628
2652
2629
2653
2630
2654
2631
2655
2632
2656
2633
2657
2634
2658
2635
2659
2636
2660
2637
2661
2638
2662
2639
2663
2640
2664
2641
2665
2642
2666
2643
2667
2644
2668
2645
2669
2646
2670
2647
2671
2672
2649
2673
2650
2674
2651
2675
2652
2676
2653
2677
2654
2678
2655
2679
2656
2680
2657
2681
2658
2682
2659
2683
2660
2684
2661
2685
2662
2686
2663
2687
2664
2688
2665
2689
2666
2690
2667
2691
2668
2692
2669
2693
2670
2694
2671
2695
2672
2696
2697
2674
2698
2675
2699
2676
2700
2677
2701
2678
2702
2679
2703
2680
2704
2681
2705
2682
2706
2683
2707
2684
2708
2685
2709
2686
2710
2687
2711
2688
2712
2689
2713
2690
2714
2691
2715
2692
2716
2693
2717
2694
2718
2695
2719
2696
2720
2697
2721
2722
2699
2723
2700
2724
2701
2725
2702
2726
2703
2727
2704
2728
2705
2729
2706
2730
2707
2731
2708
2732
2709
2733
2710
2734
2711
2735
2712
2736
2713
2737
2714
2738
2715
2739
2716
2740
2717
2741
2718
2742
2719
2743
2720
2744
2721
2745
2722
2746
2747
2724
2748
2725
2749
2726
2750
2727
2751
2728
2752
2729
2753
2730
2754
2731
2755
2732
2756
2733
2757
2734
2758
2735
2759
2736
2760
2737
2761
2738
2762
2739
2763
2740
2764
2741
2765
2742
2766
2743
2767
2744
2768
2745
2769
2746
2770
2747
2771
2772
2749
2773
2750
2774
2751
2775
2752
2776
2753
2777
2754
2778
2755
2779
2756
2780
2757
2781
2758
2782
2759
2783
2760
2784
2761
2785
2762
2786
2763
2787
2764
2788
2765
2789
2766
2790
2767
2791
2768
2792
2769
2793
2770
2794
2771
2795
2772
2796
2797
2774
2798
2775
2799
2776
2800
2777
2801
2778
2802
2779
2803
2780
2804
2781
2805
2782
2806
2783
2807
2784
2808
2785
2809
2786
2810
2787
2811
2788
2812
2789
2813
2790
2814
2791
2815
2792
2816
2793
2817
2794
2818
2795
2819
2796
2820
2797
2821
2822
2799
2823
2800
2824
2801
2825
2802
2826
2803
2827
2804
2828
2805
2829
2806
2830
2807
2831
2808
2832
2809
2833
2810
2834
2811
2835
2812
2836
2813
2837
2814
2838
2815
2839
2816
2840
2817
2841
2818
2842
2819
2843
2820
2844
2821
2845
2822
2846
2847
2824
2848
2825
2849
2826
2850
2827
2851
2828
2852
2829
2853
2830
2854
2831
2855
2832
2856
2833
2857
2834
2858
2835
2859
2836
2860
2837
2861
2838
2862
2839
2863
2840
2864
2841
2865
2842
2866
2843
2867
2844
2868
2845
2869
2846
2870
2847
2871
2872
2849
2873
2850
2874
2851
2875
2852
2876
2853
2877
2854
2878
2855
2879
2856
2880
2857
2881
2858
2882
2859
2883
2860
2884
2861
2885
2862
2886
2863
2887
2864
2888
2865
2889
2866
2890
2867
2891
2868
2892
2869
2893
2870
2894
2871
2895
2872
2896
2897
2874
2898
2875
2899
2876
2900
2877
2901
2878
2902
2879
2903
2880
2904
2881
2905
2882
2906
2883
2907
2884
2908
2885
2909
2886
2910
2887
2911
2888
2912
2889
2913
2890
2914
2891
2915
2892
2916
2893
2917
2894
2918
2895
2919
2896
2920
2897
2921
2922
2899
2923
2900
2924
2901
2925
2902
2926
2903
2927
2904
2928
2905
2929
2906
2930
2907
2931
2908
2932
2909
2933
2910
2934
2911
2935
2912
2936
2913
2937
2914
2938
2915
2939
2916
2940
2917
2941
2918
2942
2919
2943
2920
2944
2921
2945
2922
2946
2947
2924
2948
2925
2949
2926
2950
2927
2951
2928
2952
2929
2953
2930
2954
2931
2955
2932
2956
2933
2957
2934
2958
2935
2959
2936
2960
2937
2961
2938
2962
2939
2963
2940
2964
2941
2965
2942
2966
2943
2967
2944
2968
2945
2969
2946
2970
2947
2971
2972
2949
2973
2950
2974
2951
2975
2952
2976
2953
2977
2954
2978
2955
2979
2956
2980
2957
2981
2958
2982
2959
2983
2960
2984
2961
2985
2962
2986
2963
2987
2964
2988
2965
2989
2966
2990
2967
2991
2968
2992
2969
2993
2970
2994
2971
2995
2972
2996
2997
2974
2998
2975
2999
2976
3000
2977
3001
2978
3002
2979
3003
2980
3004
2981
3005
2982
3006
2983
3007
2984
3008
2985
3009
2986
3010
2987
3011
2988
3012
2989
3013
2990
3014
2991
3015
2992
3016
2993
3017
2994
3018
2995
3019
2996
3020
2997
3021
3022
2999
3000
3001
3002
3003
3004
3005
3006
3007
3008
3009
3010
3011
3012
3013
3014
3015
3016
3017
3018
3019
3020
3021
3022
)


// ************************************************************************* //
