    # ccx tau_xx tau_yy tau_zz
-1.36984 -13.6147 0.0421646 0
-1.31652 -13.136 -0.00170507 0
-1.26514 -9.52582 -0.000580717 0
-1.21564 -9.17646 -0.000380201 0
-1.16794 -7.7085 -0.000183189 0
-1.12198 -7.44727 -0.000152162 0
-1.07769 -6.75247 -9.89289e-05 0
-1.03502 -6.49548 -8.44547e-05 0
-0.993906 -6.12671 -6.65929e-05 0
-0.95429 -5.90553 -5.73336e-05 0
-0.916118 -5.68006 -4.94053e-05 0
-0.879338 -5.50617 -4.36061e-05 0
-0.843898 -5.34901 -3.89593e-05 0
-0.809751 -5.21579 -3.51792e-05 0
-0.776848 -5.09757 -3.21027e-05 0
-0.745145 -4.99407 -2.94604e-05 0
-0.714598 -4.90173 -2.72901e-05 0
-0.685165 -4.81938 -2.5366e-05 0
-0.656804 -4.74545 -2.3738e-05 0
-0.629478 -4.67866 -2.22992e-05 0
-0.603148 -4.61826 -2.10389e-05 0
-0.577777 -4.56322 -1.99408e-05 0
-0.553332 -4.513 -1.89455e-05 0
-0.529778 -4.46702 -1.8051e-05 0
-0.507082 -4.42483 -1.72602e-05 0
-0.485214 -4.38594 -1.65625e-05 0
-0.464144 -4.35 -1.591e-05 0
-0.443841 -4.31678 -1.53167e-05 0
-0.424279 -4.28596 -1.47846e-05 0
-0.405429 -4.25734 -1.42972e-05 0
-0.387267 -4.23067 -1.38545e-05 0
-0.369768 -4.2058 -1.34474e-05 0
-0.352906 -4.18257 -1.30674e-05 0
-0.336659 -4.16084 -1.27155e-05 0
-0.321004 -4.14048 -1.23936e-05 0
-0.30592 -4.12139 -1.20942e-05 0
-0.291385 -4.10346 -1.18136e-05 0
-0.277381 -4.0866 -1.15538e-05 0
-0.263887 -4.07074 -1.13045e-05 0
-0.250886 -4.05581 -1.10664e-05 0
-0.238358 -4.04175 -1.08378e-05 0
-0.226287 -4.02851 -1.06156e-05 0
-0.214656 -4.01603 -1.0389e-05 0
-0.203449 -4.00429 -1.01621e-05 0
-0.192651 -3.99324 -9.9212e-06 0
-0.182246 -3.9829 -9.66712e-06 0
-0.172221 -3.97319 -9.382e-06 0
-0.162561 -3.96417 -9.0668e-06 0
-0.153253 -3.95577 -8.69548e-06 0
-0.144285 -3.94808 -8.27294e-06 0
-0.135643 -3.94104 -7.76246e-06 0
-0.127317 -3.93476 -7.17945e-06 0
-0.119294 -3.92919 -6.47338e-06 0
-0.111564 -3.92449 -5.68997e-06 0
-0.104115 -3.92059 -4.67623e-06 0
-0.0969384 -3.91772 -3.58405e-06 0
-0.0900231 -3.9158 -2.01987e-06 0
-0.0833599 -3.91512 -3.305e-07 0
-0.0769397 -3.91561 2.11139e-06 0
-0.0707535 -3.91759 4.83804e-06 0
-0.0647929 -3.92114 8.49059e-06 0
-0.0590495 -3.92646 1.26336e-05 0
-0.0535156 -3.93397 1.84086e-05 0
-0.0490611 -3.94228 2.27271e-05 0
-0.0456683 -3.94998 2.79675e-05 0
-0.0424415 -3.95859 3.36217e-05 0
-0.0393727 -3.96825 4.23263e-05 0
-0.0364539 -3.97914 4.88303e-05 0
-0.033678 -3.99114 5.93599e-05 0
-0.0310379 -4.0044 6.72656e-05 0
-0.028527 -4.01892 8.10136e-05 0
-0.0261389 -4.03481 9.09483e-05 0
-0.0238677 -4.05225 0.000108594 0
-0.0217076 -4.07114 0.000121902 0
-0.0196531 -4.09202 0.000145338 0
-0.0176993 -4.11426 0.000165358 0
-0.015841 -4.13932 0.000199903 0
-0.0140736 -4.16508 0.00023416 0
-0.0123927 -4.19576 0.000291674 0
-0.010794 -4.2247 0.000347738 0
-0.0092736 -4.26477 0.000454737 0
-0.00782755 -4.29515 0.000513934 0
-0.00645226 -4.35339 0.000758759 0
-0.00514426 -4.38571 0.000709065 0
-0.00390026 -4.46629 0.00138299 0
-0.00271712 -4.55136 7.23879e-05 0
-0.00159187 -4.49945 0.00895479 0
-0.000521677 -5.1442 -0.00185609 0
0 -1.08867 -4.97006 0
0 0.0120868 -0.00196793 0
0 -0.00134308 -0.000612486 1.40975e-23
0 -0.00319219 -0.000702254 -1.25216e-23
0 -0.00806076 -0.00100813 0
0 -0.0097507 -0.000995953 0
0 -0.00804781 -0.00107563 0
0 -0.00738764 -0.00113724 0
0 -0.00742981 -0.00115892 0
0 -0.00801247 -0.00109169 -5.06925e-22
0 -0.00891335 -0.000898012 6.28956e-22
0 -0.0101072 -0.000522209 -1.71984e-21
0 -0.0116641 0.000138182 2.36972e-21
0 -0.0136755 0.00127824 0
0 -0.0161693 0.00327052 1.08763e-20
0 -0.0189454 0.00683848 -1.77829e-20
0 -0.0214049 0.0132882 0
0 -0.0210386 0.0238527 0
0 -0.0124339 0.0341817 0
0 -0.000865875 0.0390388 4.23697e-19
0 0.00728597 0.0388728 -3.57376e-19
0 0.0162801 0.0352021 6.47419e-19
0 0.0255784 0.0244128 -6.88599e-19
0 0.0331589 0.00470055 0
0 0.0354372 -0.0166464 1.60122e-18
0 0.0348357 -0.0339761 -1.05683e-18
0 0.0348134 -0.0498301 0
0 0.0364914 -0.0659914 0
0 0.037442 -0.0807053 0
0 0.0363357 -0.0930524 0
0 0.0321427 -0.103266 0
0 0.0239684 -0.111598 0
0 0.0116445 -0.117746 -6.10158e-19
0 -0.00350799 -0.121585 -1.3281e-21
0 -0.0202789 -0.125092 6.23584e-19
0 -0.0398171 -0.132612 0
0 -0.0618573 -0.136146 0
0 -0.088696 -0.112571 0
0 -0.0932955 -0.0845648 0
0 -0.101381 -0.0723791 0
0 -0.104812 -0.0386804 2.27518e-19
0 -0.101749 -0.00238986 -2.13146e-19
0 -0.0943328 0.00137707 0
0 -0.0962373 -0.0594064 0
0 -0.118052 -0.155804 0
0 -0.156138 -0.234191 -4.56454e-20
0 -0.180769 -0.275262 4.72642e-20
0 -0.193719 -0.416313 0
0.000523711 -0.266213 0.161916 0
0.00157113 -0.376529 -0.00538305 -2.92062e-22
0.00261856 -0.0951131 0.0121074 0
0.00366598 -0.0503964 -0.00034401 -2.49117e-22
0.0047134 -0.0685962 -0.000107787 0
0.00576082 -0.0264162 -1.85638e-05 0
0.00680825 -0.0966671 -2.19107e-05 0
0.00785567 -0.114628 -6.35365e-05 0
0.00890309 -0.131632 2.71655e-05 0
0.00995052 -0.143379 0.000316723 -4.30084e-22
0.0109979 -0.112653 0.000859973 0
0.0120454 -0.810985 0.320874 0
0.0130928 0.151573 -0.00122046 0
0.0141402 0.298614 -0.00135495 0
0.0151876 0.430993 -0.000677539 0
0.0162351 0.544957 -0.000603759 0
0.0172825 0.645923 -0.000547873 0
0.0183299 0.737128 -0.000501902 0
0.0193773 0.821844 -0.000470412 0
0.0204247 0.902302 -0.000451625 0
0.0214722 0.980095 -0.000448063 3.12786e-22
0.0225196 1.05622 -0.000454857 0
0.023567 1.13088 -0.000467992 3.10968e-22
0.0246144 1.204 -0.000479736 0
0.0256619 1.27502 -0.000488002 3.07428e-22
0.0267093 1.34361 -0.000488817 0
0.0277567 1.40938 -0.000486173 3.01953e-22
0.0288041 1.47225 -0.00048048 0
0.0298515 1.53215 -0.000476195 0
0.030899 1.58909 -0.000473796 0
0.0319464 1.64288 -0.00047369 2.8487e-22
0.0329938 1.69326 -0.00047398 2.79278e-22
0.0340412 1.73972 -0.000473248 2.73128e-22
0.0350887 1.78173 -0.000468125 2.66409e-22
0.0361361 1.81864 -0.000459214 2.59114e-22
0.0371835 1.84995 -0.00044365 0
0.0382309 1.87515 -0.000424279 0
0.0392784 1.89388 -0.000399579 2.33836e-22
0.0403258 1.90581 -0.000372461 2.24343e-22
0.0413732 1.91069 -0.000342267 2.14365e-22
0.0424206 1.90825 -0.000310344 2.03934e-22
0.043468 1.89824 -0.000276315 1.9309e-22
0.0445155 1.88043 -0.000240235 1.81872e-22
0.0455629 1.85459 -0.000201623 0
0.0466103 1.82057 -0.000160702 1.58501e-22
0.0476577 1.77828 -0.000116827 1.46452e-22
0.0487052 1.72771 -7.12038e-05 1.34239e-22
0.0497526 1.66898 -2.32743e-05 1.21925e-22
0.0508 1.60232 2.51543e-05 1.09576e-22
0.0518474 1.52805 7.44529e-05 9.72571e-23
0.0528948 1.44655 0.000122904 0
0.0539423 1.35829 0.000170513 7.29713e-23
0.0549897 1.26382 0.00021579 6.11277e-23
0.0560371 1.16375 0.000258645 4.95598e-23
0.0570845 1.05878 0.00029805 3.83181e-23
0.058132 0.94952 0.000335163 2.74456e-23
0.0591794 0.836646 0.000369032 1.69844e-23
0.0602268 0.72054 0.000400523 0
0.0612742 0.602304 0.000428009 -2.57416e-24
0.0623216 0.481666 0.000453991 0
0.0633691 0.360723 0.00143017 0
0.0644165 1.49318 0.0113372 0
0.0654639 0.128538 -0.000255005 5.20369e-23
0.0665113 -0.001998 -0.000200468 0
0.0675588 -0.118876 0.000523418 0
0.0686062 -0.235235 0.000519803 0
0.0696536 -0.34935 0.000520698 0
0.070701 -0.460774 0.000519727 0
0.0717485 -0.569171 0.000515682 0
0.0727959 -0.674267 0.000509904 7.32424e-23
0.0738433 -0.775872 0.000501878 0
0.0748907 -0.873827 0.000492391 0
0.0759381 -0.968056 0.000481373 0
0.0769856 -1.05848 0.000469049 8.46926e-23
0.078033 -1.1451 0.000455865 0
0.0790804 -1.22791 0.000441654 0
0.0801278 -1.30697 0.000427198 0
0.0811753 -1.38232 0.000412206 0
0.0822227 -1.45407 0.000397224 0
0.0832701 -1.52231 0.000382269 0
0.0843175 -1.58714 0.000367259 9.25954e-23
0.0853649 -1.64873 0.000352819 0
0.0864124 -1.70712 0.000338028 0
0.0874598 -1.76259 0.000324525 9.28544e-23
0.0885072 -1.81501 0.000310319 0
0.0895546 -1.86506 0.000298138 9.235e-23
0.0906021 -1.91175 0.000284471 0
0.0916495 -1.95739 0.000274001 0
0.0926969 -1.99813 0.000260424 -9.08118e-23
0.0937443 -2.04106 0.000252295 0
0.0947918 -2.07469 0.000235472 8.93999e-23
0.0958392 -2.11732 0.000236885 0
0.0968866 -2.14246 0.000204294 0
0.097934 -2.18658 0.000232734 0
0.0989814 -2.20231 0.000160886 0
0.100029 -2.24931 0.000259292 0
0.101076 -2.25921 9.91068e-05 8.37185e-23
0.102031 -2.2848 0.000231527 0
0.102957 -2.31914 0.000111811 0
0.104019 -2.33397 0.000149752 9.64214e-21
0.105237 -2.36451 0.00013996 1.65393e-20
0.106633 -2.38964 0.000138009 0
0.108235 -2.41956 0.00013636 0
0.110071 -2.44941 0.000135464 0
0.112177 -2.48111 0.000136251 0
0.114592 -2.51334 0.000138402 0
0.117361 -2.54622 0.000142468 -2.49732e-20
0.120537 -2.57898 0.000148004 0
0.124179 -2.61134 0.000155183 -3.47645e-20
0.128355 -2.64246 0.000163064 2.87372e-20
0.133144 -2.67215 0.000171476 0
0.138636 -2.6993 0.00017859 0
0.144934 -2.72419 0.000184594 0
0.152157 -2.74524 0.000186423 5.03797e-20
0.160439 -2.7637 0.000186177 -4.04932e-20
0.169937 -2.77689 0.000178837 0
0.180828 -2.78819 0.000171569 5.17748e-20
0.193319 -2.79249 0.000154449 0
0.207642 -2.79733 0.000145672 6.62963e-20
0.224067 -2.79246 0.000122004 0
0.242902 -2.79348 0.000124816 0
0.264502 -2.78033 9.7197e-05 0
0.289272 -2.7832 0.000130529 0
0.317677 -2.76429 8.91705e-05 0
0.35025 -2.77477 0.000175697 1.5272e-19
0.387604 -2.75178 9.19239e-05 -8.07707e-20
0.43044 -2.76785 0.000270575 0
0.479563 -2.75973 0.000130291 3.03236e-20
0.535894 -2.78034 0.000432009 0
0.600493 -2.89703 0.000108675 0
