/*--------------------------------*- C++ -*----------------------------------*\
| =========                 |                                                 |
| \\      /  F ield         | OpenFOAM: The Open Source CFD Toolbox           |
|  \\    /   O peration     | Version:  2312                                  |
|   \\  /    A nd           | Website:  www.openfoam.com                      |
|    \\/     M anipulation  |                                                 |
\*---------------------------------------------------------------------------*/
FoamFile
{
    version     2.0;
    format      ascii;
    arch        "LSB;label=32;scalar=64";
    class       vectorField;
    location    "constant/polyMesh";
    object      points;
}
// * * * * * * * * * * * * * * * * * * * * * * * * * * * * * * * * * * * * * //


1701
(
(-5 -2 -2)
(-4.5 -2 -2)
(-4 -2 -2)
(-3.5 -2 -2)
(-3 -2 -2)
(-2.5 -2 -2)
(-2 -2 -2)
(-1.5 -2 -2)
(-1 -2 -2)
(-0.5 -2 -2)
(0 -2 -2)
(0.5 -2 -2)
(1 -2 -2)
(1.5 -2 -2)
(2 -2 -2)
(2.5 -2 -2)
(3 -2 -2)
(3.5 -2 -2)
(4 -2 -2)
(4.5 -2 -2)
(5 -2 -2)
(-5 -1.5 -2)
(-4.5 -1.5 -2)
(-4 -1.5 -2)
(-3.5 -1.5 -2)
(-3 -1.5 -2)
(-2.5 -1.5 -2)
(-2 -1.5 -2)
(-1.5 -1.5 -2)
(-1 -1.5 -2)
(-0.5 -1.5 -2)
(0 -1.5 -2)
(0.5 -1.5 -2)
(1 -1.5 -2)
(1.5 -1.5 -2)
(2 -1.5 -2)
(2.5 -1.5 -2)
(3 -1.5 -2)
(3.5 -1.5 -2)
(4 -1.5 -2)
(4.5 -1.5 -2)
(5 -1.5 -2)
(-5 -1 -2)
(-4.5 -1 -2)
(-4 -1 -2)
(-3.5 -1 -2)
(-3 -1 -2)
(-2.5 -1 -2)
(-2 -1 -2)
(-1.5 -1 -2)
(-1 -1 -2)
(-0.5 -1 -2)
(0 -1 -2)
(0.5 -1 -2)
(1 -1 -2)
(1.5 -1 -2)
(2 -1 -2)
(2.5 -1 -2)
(3 -1 -2)
(3.5 -1 -2)
(4 -1 -2)
(4.5 -1 -2)
(5 -1 -2)
(-5 -0.5 -2)
(-4.5 -0.5 -2)
(-4 -0.5 -2)
(-3.5 -0.5 -2)
(-3 -0.5 -2)
(-2.5 -0.5 -2)
(-2 -0.5 -2)
(-1.5 -0.5 -2)
(-1 -0.5 -2)
(-0.5 -0.5 -2)
(0 -0.5 -2)
(0.5 -0.5 -2)
(1 -0.5 -2)
(1.5 -0.5 -2)
(2 -0.5 -2)
(2.5 -0.5 -2)
(3 -0.5 -2)
(3.5 -0.5 -2)
(4 -0.5 -2)
(4.5 -0.5 -2)
(5 -0.5 -2)
(-5 0 -2)
(-4.5 0 -2)
(-4 0 -2)
(-3.5 0 -2)
(-3 0 -2)
(-2.5 0 -2)
(-2 0 -2)
(-1.5 0 -2)
(-1 0 -2)
(-0.5 0 -2)
(0 0 -2)
(0.5 0 -2)
(1 0 -2)
(1.5 0 -2)
(2 0 -2)
(2.5 0 -2)
(3 0 -2)
(3.5 0 -2)
(4 0 -2)
(4.5 0 -2)
(5 0 -2)
(-5 0.5 -2)
(-4.5 0.5 -2)
(-4 0.5 -2)
(-3.5 0.5 -2)
(-3 0.5 -2)
(-2.5 0.5 -2)
(-2 0.5 -2)
(-1.5 0.5 -2)
(-1 0.5 -2)
(-0.5 0.5 -2)
(0 0.5 -2)
(0.5 0.5 -2)
(1 0.5 -2)
(1.5 0.5 -2)
(2 0.5 -2)
(2.5 0.5 -2)
(3 0.5 -2)
(3.5 0.5 -2)
(4 0.5 -2)
(4.5 0.5 -2)
(5 0.5 -2)
(-5 1 -2)
(-4.5 1 -2)
(-4 1 -2)
(-3.5 1 -2)
(-3 1 -2)
(-2.5 1 -2)
(-2 1 -2)
(-1.5 1 -2)
(-1 1 -2)
(-0.5 1 -2)
(0 1 -2)
(0.5 1 -2)
(1 1 -2)
(1.5 1 -2)
(2 1 -2)
(2.5 1 -2)
(3 1 -2)
(3.5 1 -2)
(4 1 -2)
(4.5 1 -2)
(5 1 -2)
(-5 1.5 -2)
(-4.5 1.5 -2)
(-4 1.5 -2)
(-3.5 1.5 -2)
(-3 1.5 -2)
(-2.5 1.5 -2)
(-2 1.5 -2)
(-1.5 1.5 -2)
(-1 1.5 -2)
(-0.5 1.5 -2)
(0 1.5 -2)
(0.5 1.5 -2)
(1 1.5 -2)
(1.5 1.5 -2)
(2 1.5 -2)
(2.5 1.5 -2)
(3 1.5 -2)
(3.5 1.5 -2)
(4 1.5 -2)
(4.5 1.5 -2)
(5 1.5 -2)
(-5 2 -2)
(-4.5 2 -2)
(-4 2 -2)
(-3.5 2 -2)
(-3 2 -2)
(-2.5 2 -2)
(-2 2 -2)
(-1.5 2 -2)
(-1 2 -2)
(-0.5 2 -2)
(0 2 -2)
(0.5 2 -2)
(1 2 -2)
(1.5 2 -2)
(2 2 -2)
(2.5 2 -2)
(3 2 -2)
(3.5 2 -2)
(4 2 -2)
(4.5 2 -2)
(5 2 -2)
(-5 -2 -1.5)
(-4.5 -2 -1.5)
(-4 -2 -1.5)
(-3.5 -2 -1.5)
(-3 -2 -1.5)
(-2.5 -2 -1.5)
(-2 -2 -1.5)
(-1.5 -2 -1.5)
(-1 -2 -1.5)
(-0.5 -2 -1.5)
(0 -2 -1.5)
(0.5 -2 -1.5)
(1 -2 -1.5)
(1.5 -2 -1.5)
(2 -2 -1.5)
(2.5 -2 -1.5)
(3 -2 -1.5)
(3.5 -2 -1.5)
(4 -2 -1.5)
(4.5 -2 -1.5)
(5 -2 -1.5)
(-5 -1.5 -1.5)
(-4.5 -1.5 -1.5)
(-4 -1.5 -1.5)
(-3.5 -1.5 -1.5)
(-3 -1.5 -1.5)
(-2.5 -1.5 -1.5)
(-2 -1.5 -1.5)
(-1.5 -1.5 -1.5)
(-1 -1.5 -1.5)
(-0.5 -1.5 -1.5)
(0 -1.5 -1.5)
(0.5 -1.5 -1.5)
(1 -1.5 -1.5)
(1.5 -1.5 -1.5)
(2 -1.5 -1.5)
(2.5 -1.5 -1.5)
(3 -1.5 -1.5)
(3.5 -1.5 -1.5)
(4 -1.5 -1.5)
(4.5 -1.5 -1.5)
(5 -1.5 -1.5)
(-5 -1 -1.5)
(-4.5 -1 -1.5)
(-4 -1 -1.5)
(-3.5 -1 -1.5)
(-3 -1 -1.5)
(-2.5 -1 -1.5)
(-2 -1 -1.5)
(-1.5 -1 -1.5)
(-1 -1 -1.5)
(-0.5 -1 -1.5)
(0 -1 -1.5)
(0.5 -1 -1.5)
(1 -1 -1.5)
(1.5 -1 -1.5)
(2 -1 -1.5)
(2.5 -1 -1.5)
(3 -1 -1.5)
(3.5 -1 -1.5)
(4 -1 -1.5)
(4.5 -1 -1.5)
(5 -1 -1.5)
(-5 -0.5 -1.5)
(-4.5 -0.5 -1.5)
(-4 -0.5 -1.5)
(-3.5 -0.5 -1.5)
(-3 -0.5 -1.5)
(-2.5 -0.5 -1.5)
(-2 -0.5 -1.5)
(-1.5 -0.5 -1.5)
(-1 -0.5 -1.5)
(-0.5 -0.5 -1.5)
(0 -0.5 -1.5)
(0.5 -0.5 -1.5)
(1 -0.5 -1.5)
(1.5 -0.5 -1.5)
(2 -0.5 -1.5)
(2.5 -0.5 -1.5)
(3 -0.5 -1.5)
(3.5 -0.5 -1.5)
(4 -0.5 -1.5)
(4.5 -0.5 -1.5)
(5 -0.5 -1.5)
(-5 0 -1.5)
(-4.5 0 -1.5)
(-4 0 -1.5)
(-3.5 0 -1.5)
(-3 0 -1.5)
(-2.5 0 -1.5)
(-2 0 -1.5)
(-1.5 0 -1.5)
(-1 0 -1.5)
(-0.5 0 -1.5)
(0 0 -1.5)
(0.5 0 -1.5)
(1 0 -1.5)
(1.5 0 -1.5)
(2 0 -1.5)
(2.5 0 -1.5)
(3 0 -1.5)
(3.5 0 -1.5)
(4 0 -1.5)
(4.5 0 -1.5)
(5 0 -1.5)
(-5 0.5 -1.5)
(-4.5 0.5 -1.5)
(-4 0.5 -1.5)
(-3.5 0.5 -1.5)
(-3 0.5 -1.5)
(-2.5 0.5 -1.5)
(-2 0.5 -1.5)
(-1.5 0.5 -1.5)
(-1 0.5 -1.5)
(-0.5 0.5 -1.5)
(0 0.5 -1.5)
(0.5 0.5 -1.5)
(1 0.5 -1.5)
(1.5 0.5 -1.5)
(2 0.5 -1.5)
(2.5 0.5 -1.5)
(3 0.5 -1.5)
(3.5 0.5 -1.5)
(4 0.5 -1.5)
(4.5 0.5 -1.5)
(5 0.5 -1.5)
(-5 1 -1.5)
(-4.5 1 -1.5)
(-4 1 -1.5)
(-3.5 1 -1.5)
(-3 1 -1.5)
(-2.5 1 -1.5)
(-2 1 -1.5)
(-1.5 1 -1.5)
(-1 1 -1.5)
(-0.5 1 -1.5)
(0 1 -1.5)
(0.5 1 -1.5)
(1 1 -1.5)
(1.5 1 -1.5)
(2 1 -1.5)
(2.5 1 -1.5)
(3 1 -1.5)
(3.5 1 -1.5)
(4 1 -1.5)
(4.5 1 -1.5)
(5 1 -1.5)
(-5 1.5 -1.5)
(-4.5 1.5 -1.5)
(-4 1.5 -1.5)
(-3.5 1.5 -1.5)
(-3 1.5 -1.5)
(-2.5 1.5 -1.5)
(-2 1.5 -1.5)
(-1.5 1.5 -1.5)
(-1 1.5 -1.5)
(-0.5 1.5 -1.5)
(0 1.5 -1.5)
(0.5 1.5 -1.5)
(1 1.5 -1.5)
(1.5 1.5 -1.5)
(2 1.5 -1.5)
(2.5 1.5 -1.5)
(3 1.5 -1.5)
(3.5 1.5 -1.5)
(4 1.5 -1.5)
(4.5 1.5 -1.5)
(5 1.5 -1.5)
(-5 2 -1.5)
(-4.5 2 -1.5)
(-4 2 -1.5)
(-3.5 2 -1.5)
(-3 2 -1.5)
(-2.5 2 -1.5)
(-2 2 -1.5)
(-1.5 2 -1.5)
(-1 2 -1.5)
(-0.5 2 -1.5)
(0 2 -1.5)
(0.5 2 -1.5)
(1 2 -1.5)
(1.5 2 -1.5)
(2 2 -1.5)
(2.5 2 -1.5)
(3 2 -1.5)
(3.5 2 -1.5)
(4 2 -1.5)
(4.5 2 -1.5)
(5 2 -1.5)
(-5 -2 -1)
(-4.5 -2 -1)
(-4 -2 -1)
(-3.5 -2 -1)
(-3 -2 -1)
(-2.5 -2 -1)
(-2 -2 -1)
(-1.5 -2 -1)
(-1 -2 -1)
(-0.5 -2 -1)
(0 -2 -1)
(0.5 -2 -1)
(1 -2 -1)
(1.5 -2 -1)
(2 -2 -1)
(2.5 -2 -1)
(3 -2 -1)
(3.5 -2 -1)
(4 -2 -1)
(4.5 -2 -1)
(5 -2 -1)
(-5 -1.5 -1)
(-4.5 -1.5 -1)
(-4 -1.5 -1)
(-3.5 -1.5 -1)
(-3 -1.5 -1)
(-2.5 -1.5 -1)
(-2 -1.5 -1)
(-1.5 -1.5 -1)
(-1 -1.5 -1)
(-0.5 -1.5 -1)
(0 -1.5 -1)
(0.5 -1.5 -1)
(1 -1.5 -1)
(1.5 -1.5 -1)
(2 -1.5 -1)
(2.5 -1.5 -1)
(3 -1.5 -1)
(3.5 -1.5 -1)
(4 -1.5 -1)
(4.5 -1.5 -1)
(5 -1.5 -1)
(-5 -1 -1)
(-4.5 -1 -1)
(-4 -1 -1)
(-3.5 -1 -1)
(-3 -1 -1)
(-2.5 -1 -1)
(-2 -1 -1)
(-1.5 -1 -1)
(-1 -1 -1)
(-0.5 -1 -1)
(0 -1 -1)
(0.5 -1 -1)
(1 -1 -1)
(1.5 -1 -1)
(2 -1 -1)
(2.5 -1 -1)
(3 -1 -1)
(3.5 -1 -1)
(4 -1 -1)
(4.5 -1 -1)
(5 -1 -1)
(-5 -0.5 -1)
(-4.5 -0.5 -1)
(-4 -0.5 -1)
(-3.5 -0.5 -1)
(-3 -0.5 -1)
(-2.5 -0.5 -1)
(-2 -0.5 -1)
(-1.5 -0.5 -1)
(-1 -0.5 -1)
(-0.5 -0.5 -1)
(0 -0.5 -1)
(0.5 -0.5 -1)
(1 -0.5 -1)
(1.5 -0.5 -1)
(2 -0.5 -1)
(2.5 -0.5 -1)
(3 -0.5 -1)
(3.5 -0.5 -1)
(4 -0.5 -1)
(4.5 -0.5 -1)
(5 -0.5 -1)
(-5 0 -1)
(-4.5 0 -1)
(-4 0 -1)
(-3.5 0 -1)
(-3 0 -1)
(-2.5 0 -1)
(-2 0 -1)
(-1.5 0 -1)
(-1 0 -1)
(-0.5 0 -1)
(0 0 -1)
(0.5 0 -1)
(1 0 -1)
(1.5 0 -1)
(2 0 -1)
(2.5 0 -1)
(3 0 -1)
(3.5 0 -1)
(4 0 -1)
(4.5 0 -1)
(5 0 -1)
(-5 0.5 -1)
(-4.5 0.5 -1)
(-4 0.5 -1)
(-3.5 0.5 -1)
(-3 0.5 -1)
(-2.5 0.5 -1)
(-2 0.5 -1)
(-1.5 0.5 -1)
(-1 0.5 -1)
(-0.5 0.5 -1)
(0 0.5 -1)
(0.5 0.5 -1)
(1 0.5 -1)
(1.5 0.5 -1)
(2 0.5 -1)
(2.5 0.5 -1)
(3 0.5 -1)
(3.5 0.5 -1)
(4 0.5 -1)
(4.5 0.5 -1)
(5 0.5 -1)
(-5 1 -1)
(-4.5 1 -1)
(-4 1 -1)
(-3.5 1 -1)
(-3 1 -1)
(-2.5 1 -1)
(-2 1 -1)
(-1.5 1 -1)
(-1 1 -1)
(-0.5 1 -1)
(0 1 -1)
(0.5 1 -1)
(1 1 -1)
(1.5 1 -1)
(2 1 -1)
(2.5 1 -1)
(3 1 -1)
(3.5 1 -1)
(4 1 -1)
(4.5 1 -1)
(5 1 -1)
(-5 1.5 -1)
(-4.5 1.5 -1)
(-4 1.5 -1)
(-3.5 1.5 -1)
(-3 1.5 -1)
(-2.5 1.5 -1)
(-2 1.5 -1)
(-1.5 1.5 -1)
(-1 1.5 -1)
(-0.5 1.5 -1)
(0 1.5 -1)
(0.5 1.5 -1)
(1 1.5 -1)
(1.5 1.5 -1)
(2 1.5 -1)
(2.5 1.5 -1)
(3 1.5 -1)
(3.5 1.5 -1)
(4 1.5 -1)
(4.5 1.5 -1)
(5 1.5 -1)
(-5 2 -1)
(-4.5 2 -1)
(-4 2 -1)
(-3.5 2 -1)
(-3 2 -1)
(-2.5 2 -1)
(-2 2 -1)
(-1.5 2 -1)
(-1 2 -1)
(-0.5 2 -1)
(0 2 -1)
(0.5 2 -1)
(1 2 -1)
(1.5 2 -1)
(2 2 -1)
(2.5 2 -1)
(3 2 -1)
(3.5 2 -1)
(4 2 -1)
(4.5 2 -1)
(5 2 -1)
(-5 -2 -0.5)
(-4.5 -2 -0.5)
(-4 -2 -0.5)
(-3.5 -2 -0.5)
(-3 -2 -0.5)
(-2.5 -2 -0.5)
(-2 -2 -0.5)
(-1.5 -2 -0.5)
(-1 -2 -0.5)
(-0.5 -2 -0.5)
(0 -2 -0.5)
(0.5 -2 -0.5)
(1 -2 -0.5)
(1.5 -2 -0.5)
(2 -2 -0.5)
(2.5 -2 -0.5)
(3 -2 -0.5)
(3.5 -2 -0.5)
(4 -2 -0.5)
(4.5 -2 -0.5)
(5 -2 -0.5)
(-5 -1.5 -0.5)
(-4.5 -1.5 -0.5)
(-4 -1.5 -0.5)
(-3.5 -1.5 -0.5)
(-3 -1.5 -0.5)
(-2.5 -1.5 -0.5)
(-2 -1.5 -0.5)
(-1.5 -1.5 -0.5)
(-1 -1.5 -0.5)
(-0.5 -1.5 -0.5)
(0 -1.5 -0.5)
(0.5 -1.5 -0.5)
(1 -1.5 -0.5)
(1.5 -1.5 -0.5)
(2 -1.5 -0.5)
(2.5 -1.5 -0.5)
(3 -1.5 -0.5)
(3.5 -1.5 -0.5)
(4 -1.5 -0.5)
(4.5 -1.5 -0.5)
(5 -1.5 -0.5)
(-5 -1 -0.5)
(-4.5 -1 -0.5)
(-4 -1 -0.5)
(-3.5 -1 -0.5)
(-3 -1 -0.5)
(-2.5 -1 -0.5)
(-2 -1 -0.5)
(-1.5 -1 -0.5)
(-1 -1 -0.5)
(-0.5 -1 -0.5)
(0 -1 -0.5)
(0.5 -1 -0.5)
(1 -1 -0.5)
(1.5 -1 -0.5)
(2 -1 -0.5)
(2.5 -1 -0.5)
(3 -1 -0.5)
(3.5 -1 -0.5)
(4 -1 -0.5)
(4.5 -1 -0.5)
(5 -1 -0.5)
(-5 -0.5 -0.5)
(-4.5 -0.5 -0.5)
(-4 -0.5 -0.5)
(-3.5 -0.5 -0.5)
(-3 -0.5 -0.5)
(-2.5 -0.5 -0.5)
(-2 -0.5 -0.5)
(-1.5 -0.5 -0.5)
(-1 -0.5 -0.5)
(-0.5 -0.5 -0.5)
(0 -0.5 -0.5)
(0.5 -0.5 -0.5)
(1 -0.5 -0.5)
(1.5 -0.5 -0.5)
(2 -0.5 -0.5)
(2.5 -0.5 -0.5)
(3 -0.5 -0.5)
(3.5 -0.5 -0.5)
(4 -0.5 -0.5)
(4.5 -0.5 -0.5)
(5 -0.5 -0.5)
(-5 0 -0.5)
(-4.5 0 -0.5)
(-4 0 -0.5)
(-3.5 0 -0.5)
(-3 0 -0.5)
(-2.5 0 -0.5)
(-2 0 -0.5)
(-1.5 0 -0.5)
(-1 0 -0.5)
(-0.5 0 -0.5)
(0 0 -0.5)
(0.5 0 -0.5)
(1 0 -0.5)
(1.5 0 -0.5)
(2 0 -0.5)
(2.5 0 -0.5)
(3 0 -0.5)
(3.5 0 -0.5)
(4 0 -0.5)
(4.5 0 -0.5)
(5 0 -0.5)
(-5 0.5 -0.5)
(-4.5 0.5 -0.5)
(-4 0.5 -0.5)
(-3.5 0.5 -0.5)
(-3 0.5 -0.5)
(-2.5 0.5 -0.5)
(-2 0.5 -0.5)
(-1.5 0.5 -0.5)
(-1 0.5 -0.5)
(-0.5 0.5 -0.5)
(0 0.5 -0.5)
(0.5 0.5 -0.5)
(1 0.5 -0.5)
(1.5 0.5 -0.5)
(2 0.5 -0.5)
(2.5 0.5 -0.5)
(3 0.5 -0.5)
(3.5 0.5 -0.5)
(4 0.5 -0.5)
(4.5 0.5 -0.5)
(5 0.5 -0.5)
(-5 1 -0.5)
(-4.5 1 -0.5)
(-4 1 -0.5)
(-3.5 1 -0.5)
(-3 1 -0.5)
(-2.5 1 -0.5)
(-2 1 -0.5)
(-1.5 1 -0.5)
(-1 1 -0.5)
(-0.5 1 -0.5)
(0 1 -0.5)
(0.5 1 -0.5)
(1 1 -0.5)
(1.5 1 -0.5)
(2 1 -0.5)
(2.5 1 -0.5)
(3 1 -0.5)
(3.5 1 -0.5)
(4 1 -0.5)
(4.5 1 -0.5)
(5 1 -0.5)
(-5 1.5 -0.5)
(-4.5 1.5 -0.5)
(-4 1.5 -0.5)
(-3.5 1.5 -0.5)
(-3 1.5 -0.5)
(-2.5 1.5 -0.5)
(-2 1.5 -0.5)
(-1.5 1.5 -0.5)
(-1 1.5 -0.5)
(-0.5 1.5 -0.5)
(0 1.5 -0.5)
(0.5 1.5 -0.5)
(1 1.5 -0.5)
(1.5 1.5 -0.5)
(2 1.5 -0.5)
(2.5 1.5 -0.5)
(3 1.5 -0.5)
(3.5 1.5 -0.5)
(4 1.5 -0.5)
(4.5 1.5 -0.5)
(5 1.5 -0.5)
(-5 2 -0.5)
(-4.5 2 -0.5)
(-4 2 -0.5)
(-3.5 2 -0.5)
(-3 2 -0.5)
(-2.5 2 -0.5)
(-2 2 -0.5)
(-1.5 2 -0.5)
(-1 2 -0.5)
(-0.5 2 -0.5)
(0 2 -0.5)
(0.5 2 -0.5)
(1 2 -0.5)
(1.5 2 -0.5)
(2 2 -0.5)
(2.5 2 -0.5)
(3 2 -0.5)
(3.5 2 -0.5)
(4 2 -0.5)
(4.5 2 -0.5)
(5 2 -0.5)
(-5 -2 0)
(-4.5 -2 0)
(-4 -2 0)
(-3.5 -2 0)
(-3 -2 0)
(-2.5 -2 0)
(-2 -2 0)
(-1.5 -2 0)
(-1 -2 0)
(-0.5 -2 0)
(0 -2 0)
(0.5 -2 0)
(1 -2 0)
(1.5 -2 0)
(2 -2 0)
(2.5 -2 0)
(3 -2 0)
(3.5 -2 0)
(4 -2 0)
(4.5 -2 0)
(5 -2 0)
(-5 -1.5 0)
(-4.5 -1.5 0)
(-4 -1.5 0)
(-3.5 -1.5 0)
(-3 -1.5 0)
(-2.5 -1.5 0)
(-2 -1.5 0)
(-1.5 -1.5 0)
(-1 -1.5 0)
(-0.5 -1.5 0)
(0 -1.5 0)
(0.5 -1.5 0)
(1 -1.5 0)
(1.5 -1.5 0)
(2 -1.5 0)
(2.5 -1.5 0)
(3 -1.5 0)
(3.5 -1.5 0)
(4 -1.5 0)
(4.5 -1.5 0)
(5 -1.5 0)
(-5 -1 0)
(-4.5 -1 0)
(-4 -1 0)
(-3.5 -1 0)
(-3 -1 0)
(-2.5 -1 0)
(-2 -1 0)
(-1.5 -1 0)
(-1 -1 0)
(-0.5 -1 0)
(0 -1 0)
(0.5 -1 0)
(1 -1 0)
(1.5 -1 0)
(2 -1 0)
(2.5 -1 0)
(3 -1 0)
(3.5 -1 0)
(4 -1 0)
(4.5 -1 0)
(5 -1 0)
(-5 -0.5 0)
(-4.5 -0.5 0)
(-4 -0.5 0)
(-3.5 -0.5 0)
(-3 -0.5 0)
(-2.5 -0.5 0)
(-2 -0.5 0)
(-1.5 -0.5 0)
(-1 -0.5 0)
(-0.5 -0.5 0)
(0 -0.5 0)
(0.5 -0.5 0)
(1 -0.5 0)
(1.5 -0.5 0)
(2 -0.5 0)
(2.5 -0.5 0)
(3 -0.5 0)
(3.5 -0.5 0)
(4 -0.5 0)
(4.5 -0.5 0)
(5 -0.5 0)
(-5 0 0)
(-4.5 0 0)
(-4 0 0)
(-3.5 0 0)
(-3 0 0)
(-2.5 0 0)
(-2 0 0)
(-1.5 0 0)
(-1 0 0)
(-0.5 0 0)
(0 0 0)
(0.5 0 0)
(1 0 0)
(1.5 0 0)
(2 0 0)
(2.5 0 0)
(3 0 0)
(3.5 0 0)
(4 0 0)
(4.5 0 0)
(5 0 0)
(-5 0.5 0)
(-4.5 0.5 0)
(-4 0.5 0)
(-3.5 0.5 0)
(-3 0.5 0)
(-2.5 0.5 0)
(-2 0.5 0)
(-1.5 0.5 0)
(-1 0.5 0)
(-0.5 0.5 0)
(0 0.5 0)
(0.5 0.5 0)
(1 0.5 0)
(1.5 0.5 0)
(2 0.5 0)
(2.5 0.5 0)
(3 0.5 0)
(3.5 0.5 0)
(4 0.5 0)
(4.5 0.5 0)
(5 0.5 0)
(-5 1 0)
(-4.5 1 0)
(-4 1 0)
(-3.5 1 0)
(-3 1 0)
(-2.5 1 0)
(-2 1 0)
(-1.5 1 0)
(-1 1 0)
(-0.5 1 0)
(0 1 0)
(0.5 1 0)
(1 1 0)
(1.5 1 0)
(2 1 0)
(2.5 1 0)
(3 1 0)
(3.5 1 0)
(4 1 0)
(4.5 1 0)
(5 1 0)
(-5 1.5 0)
(-4.5 1.5 0)
(-4 1.5 0)
(-3.5 1.5 0)
(-3 1.5 0)
(-2.5 1.5 0)
(-2 1.5 0)
(-1.5 1.5 0)
(-1 1.5 0)
(-0.5 1.5 0)
(0 1.5 0)
(0.5 1.5 0)
(1 1.5 0)
(1.5 1.5 0)
(2 1.5 0)
(2.5 1.5 0)
(3 1.5 0)
(3.5 1.5 0)
(4 1.5 0)
(4.5 1.5 0)
(5 1.5 0)
(-5 2 0)
(-4.5 2 0)
(-4 2 0)
(-3.5 2 0)
(-3 2 0)
(-2.5 2 0)
(-2 2 0)
(-1.5 2 0)
(-1 2 0)
(-0.5 2 0)
(0 2 0)
(0.5 2 0)
(1 2 0)
(1.5 2 0)
(2 2 0)
(2.5 2 0)
(3 2 0)
(3.5 2 0)
(4 2 0)
(4.5 2 0)
(5 2 0)
(-5 -2 0.5)
(-4.5 -2 0.5)
(-4 -2 0.5)
(-3.5 -2 0.5)
(-3 -2 0.5)
(-2.5 -2 0.5)
(-2 -2 0.5)
(-1.5 -2 0.5)
(-1 -2 0.5)
(-0.5 -2 0.5)
(0 -2 0.5)
(0.5 -2 0.5)
(1 -2 0.5)
(1.5 -2 0.5)
(2 -2 0.5)
(2.5 -2 0.5)
(3 -2 0.5)
(3.5 -2 0.5)
(4 -2 0.5)
(4.5 -2 0.5)
(5 -2 0.5)
(-5 -1.5 0.5)
(-4.5 -1.5 0.5)
(-4 -1.5 0.5)
(-3.5 -1.5 0.5)
(-3 -1.5 0.5)
(-2.5 -1.5 0.5)
(-2 -1.5 0.5)
(-1.5 -1.5 0.5)
(-1 -1.5 0.5)
(-0.5 -1.5 0.5)
(0 -1.5 0.5)
(0.5 -1.5 0.5)
(1 -1.5 0.5)
(1.5 -1.5 0.5)
(2 -1.5 0.5)
(2.5 -1.5 0.5)
(3 -1.5 0.5)
(3.5 -1.5 0.5)
(4 -1.5 0.5)
(4.5 -1.5 0.5)
(5 -1.5 0.5)
(-5 -1 0.5)
(-4.5 -1 0.5)
(-4 -1 0.5)
(-3.5 -1 0.5)
(-3 -1 0.5)
(-2.5 -1 0.5)
(-2 -1 0.5)
(-1.5 -1 0.5)
(-1 -1 0.5)
(-0.5 -1 0.5)
(0 -1 0.5)
(0.5 -1 0.5)
(1 -1 0.5)
(1.5 -1 0.5)
(2 -1 0.5)
(2.5 -1 0.5)
(3 -1 0.5)
(3.5 -1 0.5)
(4 -1 0.5)
(4.5 -1 0.5)
(5 -1 0.5)
(-5 -0.5 0.5)
(-4.5 -0.5 0.5)
(-4 -0.5 0.5)
(-3.5 -0.5 0.5)
(-3 -0.5 0.5)
(-2.5 -0.5 0.5)
(-2 -0.5 0.5)
(-1.5 -0.5 0.5)
(-1 -0.5 0.5)
(-0.5 -0.5 0.5)
(0 -0.5 0.5)
(0.5 -0.5 0.5)
(1 -0.5 0.5)
(1.5 -0.5 0.5)
(2 -0.5 0.5)
(2.5 -0.5 0.5)
(3 -0.5 0.5)
(3.5 -0.5 0.5)
(4 -0.5 0.5)
(4.5 -0.5 0.5)
(5 -0.5 0.5)
(-5 0 0.5)
(-4.5 0 0.5)
(-4 0 0.5)
(-3.5 0 0.5)
(-3 0 0.5)
(-2.5 0 0.5)
(-2 0 0.5)
(-1.5 0 0.5)
(-1 0 0.5)
(-0.5 0 0.5)
(0 0 0.5)
(0.5 0 0.5)
(1 0 0.5)
(1.5 0 0.5)
(2 0 0.5)
(2.5 0 0.5)
(3 0 0.5)
(3.5 0 0.5)
(4 0 0.5)
(4.5 0 0.5)
(5 0 0.5)
(-5 0.5 0.5)
(-4.5 0.5 0.5)
(-4 0.5 0.5)
(-3.5 0.5 0.5)
(-3 0.5 0.5)
(-2.5 0.5 0.5)
(-2 0.5 0.5)
(-1.5 0.5 0.5)
(-1 0.5 0.5)
(-0.5 0.5 0.5)
(0 0.5 0.5)
(0.5 0.5 0.5)
(1 0.5 0.5)
(1.5 0.5 0.5)
(2 0.5 0.5)
(2.5 0.5 0.5)
(3 0.5 0.5)
(3.5 0.5 0.5)
(4 0.5 0.5)
(4.5 0.5 0.5)
(5 0.5 0.5)
(-5 1 0.5)
(-4.5 1 0.5)
(-4 1 0.5)
(-3.5 1 0.5)
(-3 1 0.5)
(-2.5 1 0.5)
(-2 1 0.5)
(-1.5 1 0.5)
(-1 1 0.5)
(-0.5 1 0.5)
(0 1 0.5)
(0.5 1 0.5)
(1 1 0.5)
(1.5 1 0.5)
(2 1 0.5)
(2.5 1 0.5)
(3 1 0.5)
(3.5 1 0.5)
(4 1 0.5)
(4.5 1 0.5)
(5 1 0.5)
(-5 1.5 0.5)
(-4.5 1.5 0.5)
(-4 1.5 0.5)
(-3.5 1.5 0.5)
(-3 1.5 0.5)
(-2.5 1.5 0.5)
(-2 1.5 0.5)
(-1.5 1.5 0.5)
(-1 1.5 0.5)
(-0.5 1.5 0.5)
(0 1.5 0.5)
(0.5 1.5 0.5)
(1 1.5 0.5)
(1.5 1.5 0.5)
(2 1.5 0.5)
(2.5 1.5 0.5)
(3 1.5 0.5)
(3.5 1.5 0.5)
(4 1.5 0.5)
(4.5 1.5 0.5)
(5 1.5 0.5)
(-5 2 0.5)
(-4.5 2 0.5)
(-4 2 0.5)
(-3.5 2 0.5)
(-3 2 0.5)
(-2.5 2 0.5)
(-2 2 0.5)
(-1.5 2 0.5)
(-1 2 0.5)
(-0.5 2 0.5)
(0 2 0.5)
(0.5 2 0.5)
(1 2 0.5)
(1.5 2 0.5)
(2 2 0.5)
(2.5 2 0.5)
(3 2 0.5)
(3.5 2 0.5)
(4 2 0.5)
(4.5 2 0.5)
(5 2 0.5)
(-5 -2 1)
(-4.5 -2 1)
(-4 -2 1)
(-3.5 -2 1)
(-3 -2 1)
(-2.5 -2 1)
(-2 -2 1)
(-1.5 -2 1)
(-1 -2 1)
(-0.5 -2 1)
(0 -2 1)
(0.5 -2 1)
(1 -2 1)
(1.5 -2 1)
(2 -2 1)
(2.5 -2 1)
(3 -2 1)
(3.5 -2 1)
(4 -2 1)
(4.5 -2 1)
(5 -2 1)
(-5 -1.5 1)
(-4.5 -1.5 1)
(-4 -1.5 1)
(-3.5 -1.5 1)
(-3 -1.5 1)
(-2.5 -1.5 1)
(-2 -1.5 1)
(-1.5 -1.5 1)
(-1 -1.5 1)
(-0.5 -1.5 1)
(0 -1.5 1)
(0.5 -1.5 1)
(1 -1.5 1)
(1.5 -1.5 1)
(2 -1.5 1)
(2.5 -1.5 1)
(3 -1.5 1)
(3.5 -1.5 1)
(4 -1.5 1)
(4.5 -1.5 1)
(5 -1.5 1)
(-5 -1 1)
(-4.5 -1 1)
(-4 -1 1)
(-3.5 -1 1)
(-3 -1 1)
(-2.5 -1 1)
(-2 -1 1)
(-1.5 -1 1)
(-1 -1 1)
(-0.5 -1 1)
(0 -1 1)
(0.5 -1 1)
(1 -1 1)
(1.5 -1 1)
(2 -1 1)
(2.5 -1 1)
(3 -1 1)
(3.5 -1 1)
(4 -1 1)
(4.5 -1 1)
(5 -1 1)
(-5 -0.5 1)
(-4.5 -0.5 1)
(-4 -0.5 1)
(-3.5 -0.5 1)
(-3 -0.5 1)
(-2.5 -0.5 1)
(-2 -0.5 1)
(-1.5 -0.5 1)
(-1 -0.5 1)
(-0.5 -0.5 1)
(0 -0.5 1)
(0.5 -0.5 1)
(1 -0.5 1)
(1.5 -0.5 1)
(2 -0.5 1)
(2.5 -0.5 1)
(3 -0.5 1)
(3.5 -0.5 1)
(4 -0.5 1)
(4.5 -0.5 1)
(5 -0.5 1)
(-5 0 1)
(-4.5 0 1)
(-4 0 1)
(-3.5 0 1)
(-3 0 1)
(-2.5 0 1)
(-2 0 1)
(-1.5 0 1)
(-1 0 1)
(-0.5 0 1)
(0 0 1)
(0.5 0 1)
(1 0 1)
(1.5 0 1)
(2 0 1)
(2.5 0 1)
(3 0 1)
(3.5 0 1)
(4 0 1)
(4.5 0 1)
(5 0 1)
(-5 0.5 1)
(-4.5 0.5 1)
(-4 0.5 1)
(-3.5 0.5 1)
(-3 0.5 1)
(-2.5 0.5 1)
(-2 0.5 1)
(-1.5 0.5 1)
(-1 0.5 1)
(-0.5 0.5 1)
(0 0.5 1)
(0.5 0.5 1)
(1 0.5 1)
(1.5 0.5 1)
(2 0.5 1)
(2.5 0.5 1)
(3 0.5 1)
(3.5 0.5 1)
(4 0.5 1)
(4.5 0.5 1)
(5 0.5 1)
(-5 1 1)
(-4.5 1 1)
(-4 1 1)
(-3.5 1 1)
(-3 1 1)
(-2.5 1 1)
(-2 1 1)
(-1.5 1 1)
(-1 1 1)
(-0.5 1 1)
(0 1 1)
(0.5 1 1)
(1 1 1)
(1.5 1 1)
(2 1 1)
(2.5 1 1)
(3 1 1)
(3.5 1 1)
(4 1 1)
(4.5 1 1)
(5 1 1)
(-5 1.5 1)
(-4.5 1.5 1)
(-4 1.5 1)
(-3.5 1.5 1)
(-3 1.5 1)
(-2.5 1.5 1)
(-2 1.5 1)
(-1.5 1.5 1)
(-1 1.5 1)
(-0.5 1.5 1)
(0 1.5 1)
(0.5 1.5 1)
(1 1.5 1)
(1.5 1.5 1)
(2 1.5 1)
(2.5 1.5 1)
(3 1.5 1)
(3.5 1.5 1)
(4 1.5 1)
(4.5 1.5 1)
(5 1.5 1)
(-5 2 1)
(-4.5 2 1)
(-4 2 1)
(-3.5 2 1)
(-3 2 1)
(-2.5 2 1)
(-2 2 1)
(-1.5 2 1)
(-1 2 1)
(-0.5 2 1)
(0 2 1)
(0.5 2 1)
(1 2 1)
(1.5 2 1)
(2 2 1)
(2.5 2 1)
(3 2 1)
(3.5 2 1)
(4 2 1)
(4.5 2 1)
(5 2 1)
(-5 -2 1.5)
(-4.5 -2 1.5)
(-4 -2 1.5)
(-3.5 -2 1.5)
(-3 -2 1.5)
(-2.5 -2 1.5)
(-2 -2 1.5)
(-1.5 -2 1.5)
(-1 -2 1.5)
(-0.5 -2 1.5)
(0 -2 1.5)
(0.5 -2 1.5)
(1 -2 1.5)
(1.5 -2 1.5)
(2 -2 1.5)
(2.5 -2 1.5)
(3 -2 1.5)
(3.5 -2 1.5)
(4 -2 1.5)
(4.5 -2 1.5)
(5 -2 1.5)
(-5 -1.5 1.5)
(-4.5 -1.5 1.5)
(-4 -1.5 1.5)
(-3.5 -1.5 1.5)
(-3 -1.5 1.5)
(-2.5 -1.5 1.5)
(-2 -1.5 1.5)
(-1.5 -1.5 1.5)
(-1 -1.5 1.5)
(-0.5 -1.5 1.5)
(0 -1.5 1.5)
(0.5 -1.5 1.5)
(1 -1.5 1.5)
(1.5 -1.5 1.5)
(2 -1.5 1.5)
(2.5 -1.5 1.5)
(3 -1.5 1.5)
(3.5 -1.5 1.5)
(4 -1.5 1.5)
(4.5 -1.5 1.5)
(5 -1.5 1.5)
(-5 -1 1.5)
(-4.5 -1 1.5)
(-4 -1 1.5)
(-3.5 -1 1.5)
(-3 -1 1.5)
(-2.5 -1 1.5)
(-2 -1 1.5)
(-1.5 -1 1.5)
(-1 -1 1.5)
(-0.5 -1 1.5)
(0 -1 1.5)
(0.5 -1 1.5)
(1 -1 1.5)
(1.5 -1 1.5)
(2 -1 1.5)
(2.5 -1 1.5)
(3 -1 1.5)
(3.5 -1 1.5)
(4 -1 1.5)
(4.5 -1 1.5)
(5 -1 1.5)
(-5 -0.5 1.5)
(-4.5 -0.5 1.5)
(-4 -0.5 1.5)
(-3.5 -0.5 1.5)
(-3 -0.5 1.5)
(-2.5 -0.5 1.5)
(-2 -0.5 1.5)
(-1.5 -0.5 1.5)
(-1 -0.5 1.5)
(-0.5 -0.5 1.5)
(0 -0.5 1.5)
(0.5 -0.5 1.5)
(1 -0.5 1.5)
(1.5 -0.5 1.5)
(2 -0.5 1.5)
(2.5 -0.5 1.5)
(3 -0.5 1.5)
(3.5 -0.5 1.5)
(4 -0.5 1.5)
(4.5 -0.5 1.5)
(5 -0.5 1.5)
(-5 0 1.5)
(-4.5 0 1.5)
(-4 0 1.5)
(-3.5 0 1.5)
(-3 0 1.5)
(-2.5 0 1.5)
(-2 0 1.5)
(-1.5 0 1.5)
(-1 0 1.5)
(-0.5 0 1.5)
(0 0 1.5)
(0.5 0 1.5)
(1 0 1.5)
(1.5 0 1.5)
(2 0 1.5)
(2.5 0 1.5)
(3 0 1.5)
(3.5 0 1.5)
(4 0 1.5)
(4.5 0 1.5)
(5 0 1.5)
(-5 0.5 1.5)
(-4.5 0.5 1.5)
(-4 0.5 1.5)
(-3.5 0.5 1.5)
(-3 0.5 1.5)
(-2.5 0.5 1.5)
(-2 0.5 1.5)
(-1.5 0.5 1.5)
(-1 0.5 1.5)
(-0.5 0.5 1.5)
(0 0.5 1.5)
(0.5 0.5 1.5)
(1 0.5 1.5)
(1.5 0.5 1.5)
(2 0.5 1.5)
(2.5 0.5 1.5)
(3 0.5 1.5)
(3.5 0.5 1.5)
(4 0.5 1.5)
(4.5 0.5 1.5)
(5 0.5 1.5)
(-5 1 1.5)
(-4.5 1 1.5)
(-4 1 1.5)
(-3.5 1 1.5)
(-3 1 1.5)
(-2.5 1 1.5)
(-2 1 1.5)
(-1.5 1 1.5)
(-1 1 1.5)
(-0.5 1 1.5)
(0 1 1.5)
(0.5 1 1.5)
(1 1 1.5)
(1.5 1 1.5)
(2 1 1.5)
(2.5 1 1.5)
(3 1 1.5)
(3.5 1 1.5)
(4 1 1.5)
(4.5 1 1.5)
(5 1 1.5)
(-5 1.5 1.5)
(-4.5 1.5 1.5)
(-4 1.5 1.5)
(-3.5 1.5 1.5)
(-3 1.5 1.5)
(-2.5 1.5 1.5)
(-2 1.5 1.5)
(-1.5 1.5 1.5)
(-1 1.5 1.5)
(-0.5 1.5 1.5)
(0 1.5 1.5)
(0.5 1.5 1.5)
(1 1.5 1.5)
(1.5 1.5 1.5)
(2 1.5 1.5)
(2.5 1.5 1.5)
(3 1.5 1.5)
(3.5 1.5 1.5)
(4 1.5 1.5)
(4.5 1.5 1.5)
(5 1.5 1.5)
(-5 2 1.5)
(-4.5 2 1.5)
(-4 2 1.5)
(-3.5 2 1.5)
(-3 2 1.5)
(-2.5 2 1.5)
(-2 2 1.5)
(-1.5 2 1.5)
(-1 2 1.5)
(-0.5 2 1.5)
(0 2 1.5)
(0.5 2 1.5)
(1 2 1.5)
(1.5 2 1.5)
(2 2 1.5)
(2.5 2 1.5)
(3 2 1.5)
(3.5 2 1.5)
(4 2 1.5)
(4.5 2 1.5)
(5 2 1.5)
(-5 -2 2)
(-4.5 -2 2)
(-4 -2 2)
(-3.5 -2 2)
(-3 -2 2)
(-2.5 -2 2)
(-2 -2 2)
(-1.5 -2 2)
(-1 -2 2)
(-0.5 -2 2)
(0 -2 2)
(0.5 -2 2)
(1 -2 2)
(1.5 -2 2)
(2 -2 2)
(2.5 -2 2)
(3 -2 2)
(3.5 -2 2)
(4 -2 2)
(4.5 -2 2)
(5 -2 2)
(-5 -1.5 2)
(-4.5 -1.5 2)
(-4 -1.5 2)
(-3.5 -1.5 2)
(-3 -1.5 2)
(-2.5 -1.5 2)
(-2 -1.5 2)
(-1.5 -1.5 2)
(-1 -1.5 2)
(-0.5 -1.5 2)
(0 -1.5 2)
(0.5 -1.5 2)
(1 -1.5 2)
(1.5 -1.5 2)
(2 -1.5 2)
(2.5 -1.5 2)
(3 -1.5 2)
(3.5 -1.5 2)
(4 -1.5 2)
(4.5 -1.5 2)
(5 -1.5 2)
(-5 -1 2)
(-4.5 -1 2)
(-4 -1 2)
(-3.5 -1 2)
(-3 -1 2)
(-2.5 -1 2)
(-2 -1 2)
(-1.5 -1 2)
(-1 -1 2)
(-0.5 -1 2)
(0 -1 2)
(0.5 -1 2)
(1 -1 2)
(1.5 -1 2)
(2 -1 2)
(2.5 -1 2)
(3 -1 2)
(3.5 -1 2)
(4 -1 2)
(4.5 -1 2)
(5 -1 2)
(-5 -0.5 2)
(-4.5 -0.5 2)
(-4 -0.5 2)
(-3.5 -0.5 2)
(-3 -0.5 2)
(-2.5 -0.5 2)
(-2 -0.5 2)
(-1.5 -0.5 2)
(-1 -0.5 2)
(-0.5 -0.5 2)
(0 -0.5 2)
(0.5 -0.5 2)
(1 -0.5 2)
(1.5 -0.5 2)
(2 -0.5 2)
(2.5 -0.5 2)
(3 -0.5 2)
(3.5 -0.5 2)
(4 -0.5 2)
(4.5 -0.5 2)
(5 -0.5 2)
(-5 0 2)
(-4.5 0 2)
(-4 0 2)
(-3.5 0 2)
(-3 0 2)
(-2.5 0 2)
(-2 0 2)
(-1.5 0 2)
(-1 0 2)
(-0.5 0 2)
(0 0 2)
(0.5 0 2)
(1 0 2)
(1.5 0 2)
(2 0 2)
(2.5 0 2)
(3 0 2)
(3.5 0 2)
(4 0 2)
(4.5 0 2)
(5 0 2)
(-5 0.5 2)
(-4.5 0.5 2)
(-4 0.5 2)
(-3.5 0.5 2)
(-3 0.5 2)
(-2.5 0.5 2)
(-2 0.5 2)
(-1.5 0.5 2)
(-1 0.5 2)
(-0.5 0.5 2)
(0 0.5 2)
(0.5 0.5 2)
(1 0.5 2)
(1.5 0.5 2)
(2 0.5 2)
(2.5 0.5 2)
(3 0.5 2)
(3.5 0.5 2)
(4 0.5 2)
(4.5 0.5 2)
(5 0.5 2)
(-5 1 2)
(-4.5 1 2)
(-4 1 2)
(-3.5 1 2)
(-3 1 2)
(-2.5 1 2)
(-2 1 2)
(-1.5 1 2)
(-1 1 2)
(-0.5 1 2)
(0 1 2)
(0.5 1 2)
(1 1 2)
(1.5 1 2)
(2 1 2)
(2.5 1 2)
(3 1 2)
(3.5 1 2)
(4 1 2)
(4.5 1 2)
(5 1 2)
(-5 1.5 2)
(-4.5 1.5 2)
(-4 1.5 2)
(-3.5 1.5 2)
(-3 1.5 2)
(-2.5 1.5 2)
(-2 1.5 2)
(-1.5 1.5 2)
(-1 1.5 2)
(-0.5 1.5 2)
(0 1.5 2)
(0.5 1.5 2)
(1 1.5 2)
(1.5 1.5 2)
(2 1.5 2)
(2.5 1.5 2)
(3 1.5 2)
(3.5 1.5 2)
(4 1.5 2)
(4.5 1.5 2)
(5 1.5 2)
(-5 2 2)
(-4.5 2 2)
(-4 2 2)
(-3.5 2 2)
(-3 2 2)
(-2.5 2 2)
(-2 2 2)
(-1.5 2 2)
(-1 2 2)
(-0.5 2 2)
(0 2 2)
(0.5 2 2)
(1 2 2)
(1.5 2 2)
(2 2 2)
(2.5 2 2)
(3 2 2)
(3.5 2 2)
(4 2 2)
(4.5 2 2)
(5 2 2)
)


// ************************************************************************* //
