/*--------------------------------*- C++ -*----------------------------------*\
| =========                 |                                                 |
| \\      /  F ield         | OpenFOAM: The Open Source CFD Toolbox           |
|  \\    /   O peration     | Version:  2306                                  |
|   \\  /    A nd           | Website:  www.openfoam.com                      |
|    \\/     M anipulation  |                                                 |
\*---------------------------------------------------------------------------*/
FoamFile
{
    version     2.0;
    format      ascii;
    arch        "LSB;label=32;scalar=64";
    note        "nPoints:6296  nCells:3035  nFaces:12252  nInternalFaces:5958";
    class       labelList;
    location    "constant/polyMesh";
    object      neighbour;
}
// * * * * * * * * * * * * * * * * * * * * * * * * * * * * * * * * * * * * * //


5958
(
1
53
2
54
3
55
4
56
5
57
6
58
7
59
8
60
9
61
10
62
11
63
12
64
13
65
14
66
15
67
16
68
17
69
18
70
19
71
20
72
21
73
22
74
23
75
24
76
25
77
26
78
27
79
28
80
29
81
30
82
31
83
32
84
33
85
34
86
35
87
36
88
37
89
38
90
39
91
40
92
41
93
42
94
43
95
44
96
45
97
46
98
47
99
48
100
49
101
50
102
51
103
52
104
105
54
106
55
107
56
108
57
109
58
110
59
111
60
112
61
113
62
114
63
115
64
116
65
117
66
118
67
119
68
120
69
121
70
122
71
123
72
124
73
125
74
126
75
127
76
128
77
129
78
130
79
131
80
132
81
133
82
134
83
135
84
136
85
137
86
138
87
139
88
140
89
141
90
142
91
143
92
144
93
145
94
146
95
147
96
148
97
149
98
150
99
151
100
152
101
153
102
154
103
155
104
156
105
157
158
107
159
108
160
109
161
110
162
111
163
112
164
113
165
114
166
115
167
116
168
117
169
118
170
119
171
120
172
121
173
122
174
123
175
124
176
125
177
126
178
127
179
128
180
129
181
130
182
131
183
132
184
133
185
134
186
135
187
136
188
137
189
138
190
139
191
140
192
141
193
142
194
143
195
144
196
145
197
146
198
147
199
148
200
149
201
150
202
151
203
152
204
153
205
154
206
155
207
156
208
157
209
158
210
211
160
212
161
213
162
214
163
215
164
216
165
217
166
218
167
219
168
220
169
221
170
222
171
223
172
224
173
225
174
226
175
227
176
228
177
229
178
230
179
231
180
232
181
233
182
234
183
235
184
236
185
237
186
238
187
239
188
240
189
241
190
242
191
243
192
244
193
245
194
246
195
247
196
248
197
249
198
250
199
251
200
252
201
253
202
254
203
255
204
256
205
257
206
258
207
259
208
260
209
261
210
262
211
263
264
213
265
214
266
215
267
216
268
217
269
218
270
219
271
220
272
221
273
222
274
223
275
224
276
225
277
226
278
227
279
228
280
229
281
230
282
231
283
232
284
233
285
234
286
235
287
236
288
237
289
238
290
239
291
240
292
241
293
242
294
243
295
244
296
245
297
246
298
247
299
248
300
249
301
250
302
251
303
252
304
253
305
254
306
255
307
256
308
257
309
258
310
259
311
260
312
261
313
262
314
263
315
264
316
317
266
318
267
319
268
320
269
321
270
322
271
323
272
324
273
325
274
326
275
327
276
328
277
329
278
330
279
331
280
332
281
333
282
334
283
335
284
336
285
337
286
338
287
339
288
340
289
341
290
342
291
343
292
344
293
345
294
346
295
347
296
348
297
349
298
350
299
351
300
352
301
353
302
354
303
355
304
356
305
357
306
358
307
359
308
360
309
361
310
362
311
363
312
364
313
365
314
366
315
367
316
368
317
369
370
319
371
320
372
321
373
322
374
323
375
324
376
325
377
326
378
327
379
328
380
329
381
330
382
331
383
332
384
333
385
334
386
335
387
336
388
337
389
338
390
339
391
340
392
341
393
342
394
343
395
344
396
345
397
346
398
347
399
348
400
349
401
350
402
351
403
352
404
353
405
354
406
355
407
356
408
357
409
358
410
359
411
360
412
361
413
362
414
363
415
364
416
365
417
366
418
367
419
368
420
369
421
370
422
423
372
424
373
425
374
426
375
427
376
428
377
429
378
430
379
431
380
432
381
433
382
434
383
435
384
436
385
437
386
438
387
439
388
440
389
441
390
442
391
443
392
444
393
445
394
446
395
447
396
448
397
449
398
450
399
451
400
452
401
453
402
454
403
455
404
456
405
457
406
458
407
459
408
460
409
461
410
462
411
463
412
464
413
465
414
466
415
467
416
468
417
469
418
470
419
471
420
472
421
473
422
474
423
475
476
425
477
426
478
427
479
428
480
429
481
430
482
431
483
432
484
433
485
434
486
435
487
436
488
437
489
438
490
439
491
440
492
441
493
442
494
443
495
444
496
445
497
446
498
447
499
448
500
449
501
450
502
451
503
452
504
453
505
454
506
455
507
456
508
457
509
458
510
459
511
460
512
461
513
462
514
463
515
464
516
465
517
466
518
467
519
468
520
469
521
470
522
471
523
472
524
473
525
474
526
475
527
476
528
529
478
530
479
531
480
532
481
533
482
534
483
535
484
536
485
537
486
538
487
539
488
540
489
541
490
542
491
543
492
544
493
545
494
546
495
547
496
548
497
549
498
550
499
551
500
552
501
553
502
554
503
555
504
556
505
557
506
558
507
559
508
560
509
561
510
562
511
563
512
564
513
565
514
566
515
567
516
568
517
569
518
570
519
571
520
572
521
573
522
574
523
575
524
576
525
577
526
578
527
579
528
580
529
581
582
531
583
532
584
533
585
534
586
535
587
536
588
537
589
538
590
539
591
540
592
541
593
542
594
543
595
544
596
545
597
546
598
547
599
548
600
549
601
550
602
551
603
552
604
553
605
554
606
555
607
556
608
557
609
558
610
559
611
560
612
561
613
562
614
563
615
564
616
565
617
566
618
567
619
568
620
569
621
570
622
571
623
572
624
573
625
574
626
575
627
576
628
577
629
578
630
579
631
580
632
581
633
582
634
635
584
636
585
637
586
638
587
639
588
640
589
641
590
642
591
643
592
644
593
645
594
646
595
647
596
648
597
649
598
650
599
651
600
652
601
653
602
654
603
655
604
656
605
657
606
658
607
659
608
660
609
661
610
662
611
663
612
664
613
665
614
666
615
667
616
668
617
669
618
670
619
671
620
672
621
673
622
674
623
675
624
676
625
677
626
678
627
679
628
680
629
681
630
682
631
683
632
684
633
685
634
686
635
687
688
637
689
638
690
639
691
640
692
641
693
642
694
643
695
644
696
645
697
646
698
647
699
648
700
649
701
650
702
651
703
652
704
653
705
654
706
655
707
656
708
657
709
658
710
659
711
660
712
661
713
662
714
663
715
664
716
665
717
666
718
667
719
668
720
669
721
670
722
671
723
672
724
673
725
674
726
675
727
676
728
677
729
678
730
679
731
680
732
681
733
682
734
683
735
684
736
685
737
686
738
687
739
688
740
741
690
742
691
743
692
744
693
745
694
746
695
747
696
748
697
749
698
750
699
751
700
752
701
753
702
754
703
755
704
756
705
757
706
758
707
759
708
760
709
761
710
762
711
763
712
764
713
765
714
766
715
767
716
768
717
769
718
770
719
771
720
772
721
773
722
774
723
775
724
776
725
777
726
778
727
779
728
780
729
781
730
782
731
783
732
784
733
785
734
786
735
787
736
788
737
789
738
790
739
791
740
792
741
793
794
743
795
744
796
745
797
746
798
747
799
748
800
749
801
750
802
751
803
752
804
753
805
754
806
755
807
756
808
757
809
758
810
759
811
760
812
761
813
762
814
763
815
764
816
765
817
766
818
767
819
768
820
769
821
770
822
771
823
772
824
773
825
774
826
775
827
776
828
777
829
778
830
779
831
780
832
781
833
782
834
783
835
784
836
785
837
786
838
787
839
788
840
789
841
790
842
791
843
792
844
793
845
794
846
847
796
848
797
849
798
850
799
851
800
852
801
853
802
854
803
855
804
856
805
857
806
858
807
859
808
860
809
861
810
862
811
863
812
864
813
865
814
866
815
867
816
868
817
869
818
870
819
871
820
872
821
873
822
874
823
875
824
876
825
877
826
878
827
879
828
880
829
881
830
882
831
883
832
884
833
885
834
886
835
887
836
888
837
889
838
890
839
891
840
892
841
893
842
894
843
895
844
896
845
897
846
898
847
899
900
849
901
850
902
851
903
852
904
853
905
854
906
855
907
856
908
857
909
858
910
859
911
860
912
861
913
862
914
863
915
864
916
865
917
866
918
867
919
868
920
869
921
870
922
871
923
872
924
873
925
874
926
875
927
876
928
877
929
878
930
879
931
880
932
881
933
882
934
883
935
884
936
885
937
886
938
887
939
888
940
889
941
890
942
891
943
892
944
893
945
894
946
895
947
896
948
897
949
898
950
899
951
900
952
953
902
954
903
955
904
956
905
957
906
958
907
959
908
960
909
961
910
962
911
963
912
964
913
965
914
966
915
967
916
968
917
969
918
970
919
971
920
972
921
973
922
974
923
975
924
976
925
977
926
978
927
979
928
980
929
981
930
982
931
983
932
984
933
985
934
986
935
987
936
988
937
989
938
990
939
991
940
992
941
993
942
994
943
995
944
996
945
997
946
998
947
999
948
1000
949
1001
950
1002
951
1003
952
1004
953
1005
1006
955
1007
956
1008
957
1009
958
1010
959
1011
960
1012
961
1013
962
1014
963
1015
964
1016
965
1017
966
1018
967
1019
968
1020
969
1021
970
1022
971
1023
972
1024
973
1025
974
1026
975
1027
976
1028
977
1029
978
1030
979
1031
980
1032
981
1033
982
1034
983
1035
984
1036
985
1037
986
1038
987
1039
988
1040
989
1041
990
1042
991
1043
992
1044
993
1045
994
1046
995
1047
996
1048
997
1049
998
1050
999
1051
1000
1052
1001
1053
1002
1054
1003
1055
1004
1056
1005
1057
1006
1058
1059
1008
1060
1009
1061
1010
1062
1011
1063
1012
1064
1013
1065
1014
1066
1015
1067
1016
1068
1017
1069
1018
1070
1019
1071
1020
1072
1021
1073
1022
1074
1023
1075
1024
1076
1025
1077
1026
1078
1027
1079
1028
1080
1029
1081
1030
1082
1031
1083
1032
1084
1033
1085
1034
1086
1035
1087
1036
1088
1037
1089
1038
1090
1039
1091
1040
1092
1041
1093
1042
1094
1043
1095
1044
1096
1045
1097
1046
1098
1047
1099
1048
1100
1049
1101
1050
1102
1051
1103
1052
1104
1053
1105
1054
1106
1055
1107
1056
1108
1057
1109
1058
1110
1059
1111
1112
1061
1113
1062
1114
1063
1115
1064
1116
1065
1117
1066
1118
1067
1119
1068
1120
1069
1121
1070
1122
1071
1123
1072
1124
1073
1125
1074
1126
1075
1127
1076
1128
1077
1129
1078
1130
1079
1131
1080
1132
1081
1133
1082
1134
1083
1135
1084
1136
1085
1137
1086
1138
1087
1139
1088
1140
1089
1141
1090
1142
1091
1143
1092
1144
1093
1145
1094
1146
1095
1147
1096
1148
1097
1149
1098
1150
1099
1151
1100
1152
1101
1153
1102
1154
1103
1155
1104
1156
1105
1157
1106
1158
1107
1159
1108
1160
1109
1161
1110
1162
1111
1163
1112
1164
1165
1114
1166
1115
1167
1116
1168
1117
1169
1118
1170
1119
1171
1120
1172
1121
1173
1122
1174
1123
1175
1124
1176
1125
1177
1126
1178
1127
1179
1128
1180
1129
1181
1130
1182
1131
1183
1132
1184
1133
1185
1134
1186
1135
1187
1136
1188
1137
1189
1138
1190
1139
1191
1140
1192
1141
1193
1142
1194
1143
1195
1144
1196
1145
1197
1146
1198
1147
1199
1148
1200
1149
1201
1150
1202
1151
1203
1152
1204
1153
1205
1154
1206
1155
1207
1156
1208
1157
1209
1158
1210
1159
1211
1160
1212
1161
1213
1162
1214
1163
1215
1164
1216
1165
1217
1218
1167
1219
1168
1220
1169
1221
1170
1222
1171
1223
1172
1224
1173
1225
1174
1226
1175
1227
1176
1228
1177
1229
1178
1230
1179
1231
1180
1232
1181
1233
1182
1234
1183
1235
1184
1236
1185
1237
1186
1238
1187
1239
1188
1240
1189
1241
1190
1242
1191
1243
1192
1244
1193
1245
1194
1246
1195
1247
1196
1248
1197
1249
1198
1250
1199
1251
1200
1252
1201
1253
1202
1254
1203
1255
1204
1256
1205
1257
1206
1258
1207
1259
1208
1260
1209
1261
1210
1262
1211
1263
1212
1264
1213
1265
1214
1266
1215
1267
1216
1268
1217
1269
1218
1270
1271
1220
1272
1221
1273
1222
1274
1223
1275
1224
1276
1225
1277
1226
1278
1227
1279
1228
1280
1229
1281
1230
1282
1231
1283
1232
1284
1233
1285
1234
1286
1235
1287
1236
1288
1237
1289
1238
1290
1239
1291
1240
1292
1241
1293
1242
1294
1243
1295
1244
1296
1245
1297
1246
1298
1247
1299
1248
1300
1249
1301
1250
1302
1251
1303
1252
1304
1253
1305
1254
1306
1255
1307
1256
1308
1257
1309
1258
1310
1259
1311
1260
1312
1261
1313
1262
1314
1263
1315
1264
1316
1265
1317
1266
1318
1267
1319
1268
1320
1269
1321
1270
1322
1271
1323
1324
1273
1325
1274
1326
1275
1327
1276
1328
1277
1329
1278
1330
1279
1331
1280
1332
1281
1333
1282
1334
1283
1335
1284
1336
1285
1337
1286
1338
1287
1339
1288
1340
1289
1341
1290
1342
1291
1343
1292
1344
1293
1345
1294
1346
1295
1347
1296
1348
1297
1349
1298
1350
1299
1351
1300
1352
1301
1353
1302
1354
1303
1355
1304
1356
1305
1357
1306
1358
1307
1359
1308
1360
1309
1361
1310
1362
1311
1363
1312
1364
1313
1365
1314
1366
1315
1367
1316
1368
1317
1369
1318
1370
1319
1371
1320
1372
1321
1373
1322
1374
1323
1375
1324
1376
1377
1326
1378
1327
1379
1328
1380
1329
1381
1330
1382
1331
1383
1332
1384
1333
1385
1334
1386
1335
1387
1336
1388
1337
1389
1338
1390
1339
1391
1340
1392
1341
1393
1342
1394
1343
1395
1344
1396
1345
1397
1346
1398
1347
1399
1348
1400
1349
1401
1350
1402
1351
1403
1352
1404
1353
1405
1354
1406
1355
1407
1356
1408
1357
1409
1358
1410
1359
1411
1360
1412
1361
1413
1362
1414
1363
1415
1364
1416
1365
1417
1366
1418
1367
1419
1368
1420
1369
1421
1370
1422
1371
1423
1372
1424
1373
1425
1374
1426
1375
1427
1376
1428
1377
1429
1430
1379
1431
1380
1432
1381
1433
1382
1434
1383
1435
1384
1436
1385
1437
1386
1438
1387
1439
1388
1440
1389
1441
1390
1442
1391
1443
1392
1444
1393
1445
1394
1446
1395
1447
1396
1448
1397
1449
1398
1450
1399
1451
1400
1452
1401
1453
1402
1454
1403
1455
1404
1456
1405
1457
1406
1458
1407
1459
1408
1460
1409
1461
1410
1462
1411
1463
1412
1464
1413
1465
1414
1466
1415
1467
1416
1468
1417
1469
1418
1470
1419
1471
1420
1472
1421
1473
1422
1474
1423
1475
1424
1476
1425
1477
1426
1478
1427
1479
1428
1480
1429
1481
1430
1482
1483
1432
1484
1433
1485
1434
1486
1435
1487
1436
1488
1437
1489
1438
1490
1439
1491
1440
1492
1441
1493
1442
1494
1443
1495
1444
1496
1445
1497
1446
1498
1447
1499
1448
1500
1449
1501
1450
1502
1451
1503
1452
1504
1453
1505
1454
1506
1455
1507
1456
1508
1457
1509
1458
1510
1459
1511
1460
1512
1461
1513
1462
1514
1463
1515
1464
1516
1465
1517
1466
1518
1467
1519
1468
1520
1469
1521
1470
1522
1471
1523
1472
1524
1473
1525
1474
1526
1475
1527
1476
1528
1477
1529
1478
1530
1479
1531
1480
1532
1481
1533
1482
1534
1483
1535
1536
1485
1537
1486
1538
1487
1539
1488
1540
1489
1541
1490
1542
1491
1543
1492
1544
1493
1545
1494
1546
1495
1547
1496
1548
1497
1549
1498
1550
1499
1551
1500
1552
1501
1553
1502
1554
1503
1555
1504
1556
1505
1557
1506
1558
1507
1559
1508
1560
1509
1561
1510
1562
1511
1563
1512
1564
1513
1565
1514
1566
1515
1567
1516
1568
1517
1569
1518
1570
1519
1571
1520
1572
1521
1573
1522
1574
1523
1575
1524
1576
1525
1577
1526
1578
1527
1579
1528
1580
1529
1581
1530
1582
1531
1583
1532
1584
1533
1585
1534
1586
1535
1587
1536
1588
1589
1538
1590
1539
1591
1540
1592
1541
1593
1542
1594
1543
1595
1544
1596
1545
1597
1546
1598
1547
1599
1548
1600
1549
1601
1550
1602
1551
1603
1552
1604
1553
1605
1554
1606
1555
1607
1556
1608
1557
1609
1558
1610
1559
1611
1560
1612
1561
1613
1562
1614
1563
1615
1564
1616
1565
1617
1566
1618
1567
1619
1568
1620
1569
1621
1570
1622
1571
1623
1572
1624
1573
1625
1574
1626
1575
1627
1576
1628
1577
1629
1578
1630
1579
1631
1580
1632
1581
1633
1582
1634
1583
1635
1584
1636
1585
1637
1586
1638
1587
1639
1588
1640
1589
1641
1642
1591
1643
1592
1644
1593
1645
1594
1646
1595
1647
1596
1648
1597
1649
1598
1650
1599
1651
1600
1652
1601
1653
1602
1654
1603
1655
1604
1656
1605
1657
1606
1658
1607
1659
1608
1660
1609
1661
1610
1662
1611
1663
1612
1664
1613
1665
1614
1666
1615
1667
1616
1668
1617
1669
1618
1670
1619
1671
1620
1672
1621
1673
1622
1674
1623
1675
1624
1676
1625
1677
1626
1678
1627
1679
1628
1680
1629
1681
1630
1682
1631
1683
1632
1684
1633
1685
1634
1686
1635
1687
1636
1688
1637
1689
1638
1690
1639
1691
1640
1692
1641
1693
1642
1694
1695
1644
1696
1645
1697
1646
1698
1647
1699
1648
1700
1649
1701
1650
1702
1651
1703
1652
1704
1653
1705
1654
1706
1655
1707
1656
1708
1657
1709
1658
1710
1659
1711
1660
1712
1661
1713
1662
1714
1663
1715
1664
1716
1665
1717
1666
1718
1667
1719
1668
1720
1669
1721
1670
1722
1671
1723
1672
1724
1673
1725
1674
1726
1675
1727
1676
1728
1677
1729
1678
1730
1679
1731
1680
1732
1681
1733
1682
1734
1683
1735
1684
1736
1685
1737
1686
1738
1687
1739
1688
1740
1689
1741
1690
1742
1691
1743
1692
1744
1693
1745
1694
1746
1695
1747
1748
1697
1749
1698
1750
1699
1751
1700
1752
1701
1753
1702
1754
1703
1755
1704
1756
1705
1757
1706
1758
1707
1759
1708
1760
1709
1761
1710
1762
1711
1763
1712
1764
1713
1765
1714
1766
1715
1767
1716
1768
1717
1769
1718
1770
1719
1771
1720
1772
1721
1773
1722
1774
1723
1775
1724
1776
1725
1777
1726
1778
1727
1779
1728
1780
1729
1781
1730
1782
1731
1783
1732
1784
1733
1785
1734
1786
1735
1787
1736
1788
1737
1789
1738
1790
1739
1791
1740
1792
1741
1793
1742
1794
1743
1795
1744
1796
1745
1797
1746
1798
1747
1799
1748
1800
1801
1750
1802
1751
1803
1752
1804
1753
1805
1754
1806
1755
1807
1756
1808
1757
1809
1758
1810
1759
1811
1760
1812
1761
1813
1762
1814
1763
1815
1764
1816
1765
1817
1766
1818
1767
1819
1768
1820
1769
1821
1770
1822
1771
1823
1772
1824
1773
1825
1774
1826
1775
1827
1776
1828
1777
1829
1778
1830
1779
1831
1780
1832
1781
1833
1782
1834
1783
1835
1784
1836
1785
1837
1786
1838
1787
1839
1788
1840
1789
1841
1790
1842
1791
1843
1792
1844
1793
1845
1794
1846
1795
1847
1796
1848
1797
1849
1798
1850
1799
1851
1800
1852
1801
1853
1854
1803
1855
1804
1856
1805
1857
1806
1858
1807
1859
1808
1860
1809
1861
1810
1862
1811
1863
1812
1864
1813
1865
1814
1866
1815
1867
1816
1868
1817
1869
1818
1870
1819
1871
1820
1872
1821
1873
1822
1874
1823
1875
1824
1876
1825
1877
1826
1878
1827
1879
1828
1880
1829
1881
1830
1882
1831
1883
1832
1884
1833
1885
1834
1886
1835
1887
1836
1888
1837
1889
1838
1890
1839
1891
1840
1892
1841
1893
1842
1894
1843
1895
1844
1896
1845
1897
1846
1898
1847
1899
1848
1900
1849
1901
1850
1902
1851
1903
1852
1904
1853
1905
1854
1906
1907
1856
1908
1857
1909
1858
1910
1859
1911
1860
1912
1861
1913
1862
1914
1863
1915
1864
1916
1865
1917
1866
1918
1867
1919
1868
1920
1869
1921
1870
1922
1871
1923
1872
1924
1873
1925
1874
1926
1875
1927
1876
1928
1877
1929
1878
1930
1879
1931
1880
1932
1881
1933
1882
1934
1883
1935
1884
1936
1885
1937
1886
1938
1887
1939
1888
1940
1889
1941
1890
1942
1891
1943
1892
1944
1893
1945
1894
1946
1895
1947
1896
1948
1897
1949
1898
1950
1899
1951
1900
1952
1901
1953
1902
1954
1903
1955
1904
1956
1905
1957
1906
1958
1907
1959
1960
1909
1961
1910
1962
1911
1963
1912
1964
1913
1965
1914
1966
1915
1967
1916
1968
1917
1969
1918
1970
1919
1971
1920
1972
1921
1973
1922
1974
1923
1975
1924
1976
1925
1977
1926
1978
1927
1979
1928
1980
1929
1981
1930
1982
1931
1983
1932
1984
1933
1985
1934
1986
1935
1987
1936
1988
1937
1989
1938
1990
1939
1991
1940
1992
1941
1993
1942
1994
1943
1995
1944
1996
1945
1997
1946
1998
1947
1999
1948
2000
1949
2001
1950
2002
1951
2003
1952
2004
1953
2005
1954
2006
1955
2007
1956
2008
1957
2009
1958
2010
1959
2011
1960
2012
2013
1962
2014
1963
2015
1964
2016
1965
2017
1966
2018
1967
2019
1968
2020
1969
2021
1970
2022
1971
2023
1972
2024
1973
2025
1974
2026
1975
2027
1976
2028
1977
2029
1978
2030
1979
2031
1980
2032
1981
2033
1982
2034
1983
2035
1984
2036
1985
2037
1986
2038
1987
2039
1988
2040
1989
2041
1990
2042
1991
2043
1992
2044
1993
2045
1994
2046
1995
2047
1996
2048
1997
2049
1998
2050
1999
2051
2000
2052
2001
2053
2002
2054
2003
2055
2004
2056
2005
2057
2006
2058
2007
2059
2008
2060
2009
2061
2010
2062
2011
2063
2012
2064
2013
2065
2066
2015
2067
2016
2068
2017
2069
2018
2070
2019
2071
2020
2072
2021
2073
2022
2074
2023
2075
2024
2076
2025
2077
2026
2078
2027
2079
2028
2080
2029
2081
2030
2082
2031
2083
2032
2084
2033
2085
2034
2086
2035
2087
2036
2088
2037
2089
2038
2090
2039
2091
2040
2092
2041
2093
2042
2094
2043
2095
2044
2096
2045
2097
2046
2098
2047
2099
2048
2100
2049
2101
2050
2102
2051
2103
2052
2104
2053
2105
2054
2106
2055
2107
2056
2108
2057
2109
2058
2110
2059
2111
2060
2112
2061
2113
2062
2114
2063
2115
2064
2116
2065
2117
2066
2118
2119
2068
2120
2069
2121
2070
2122
2071
2123
2072
2124
2073
2125
2074
2126
2075
2127
2076
2128
2077
2129
2078
2130
2079
2131
2080
2132
2081
2133
2082
2134
2083
2135
2084
2136
2085
2137
2086
2138
2087
2139
2088
2140
2089
2141
2090
2142
2091
2143
2092
2144
2093
2145
2094
2146
2095
2147
2096
2148
2097
2149
2098
2150
2099
2151
2100
2152
2101
2153
2102
2154
2103
2155
2104
2156
2105
2157
2106
2158
2107
2159
2108
2160
2109
2161
2110
2162
2111
2163
2112
2164
2113
2165
2114
2166
2115
2167
2116
2168
2117
2169
2118
2170
2119
2171
2172
2121
2173
2122
2174
2123
2175
2124
2176
2125
2177
2126
2178
2127
2179
2128
2180
2129
2181
2130
2182
2131
2183
2132
2184
2133
2185
2134
2186
2135
2187
2136
2188
2137
2189
2138
2190
2139
2191
2140
2192
2141
2193
2142
2194
2143
2195
2144
2196
2145
2197
2146
2198
2147
2199
2148
2200
2149
2201
2150
2202
2151
2203
2152
2204
2153
2205
2154
2206
2155
2207
2156
2208
2157
2209
2158
2210
2159
2211
2160
2212
2161
2213
2162
2214
2163
2215
2164
2216
2165
2217
2166
2218
2167
2219
2168
2220
2169
2221
2170
2222
2171
2223
2172
2224
2225
2174
2226
2175
2227
2176
2228
2177
2229
2178
2230
2179
2231
2180
2232
2181
2233
2182
2234
2183
2235
2184
2236
2185
2237
2186
2238
2187
2239
2188
2240
2189
2241
2190
2242
2191
2243
2192
2244
2193
2245
2194
2246
2195
2247
2196
2248
2197
2249
2198
2250
2199
2251
2200
2252
2201
2253
2202
2254
2203
2255
2204
2256
2205
2257
2206
2258
2207
2259
2208
2260
2209
2261
2210
2262
2211
2263
2212
2264
2213
2265
2214
2266
2215
2267
2216
2268
2217
2269
2218
2270
2219
2271
2220
2272
2221
2273
2222
2274
2223
2275
2224
2276
2225
2277
2278
2227
2279
2228
2280
2229
2281
2230
2282
2231
2283
2232
2284
2233
2285
2234
2286
2235
2287
2236
2288
2237
2289
2238
2290
2239
2291
2240
2292
2241
2293
2242
2294
2243
2295
2244
2296
2245
2297
2246
2298
2247
2299
2248
2300
2249
2301
2250
2302
2251
2303
2252
2304
2253
2305
2254
2306
2255
2307
2256
2308
2257
2309
2258
2310
2259
2311
2260
2312
2261
2313
2262
2314
2263
2315
2264
2316
2265
2317
2266
2318
2267
2319
2268
2320
2269
2321
2270
2322
2271
2323
2272
2324
2273
2325
2274
2326
2275
2327
2276
2328
2277
2329
2278
2330
2331
2280
2332
2281
2333
2282
2334
2283
2335
2284
2336
2285
2337
2286
2338
2287
2339
2288
2340
2289
2341
2290
2342
2291
2343
2292
2344
2293
2345
2294
2346
2295
2347
2296
2348
2297
2349
2298
2350
2299
2351
2300
2352
2301
2353
2302
2354
2303
2355
2304
2356
2305
2357
2306
2358
2307
2359
2308
2360
2309
2361
2310
2362
2311
2363
2312
2364
2313
2365
2314
2366
2315
2367
2316
2368
2317
2369
2318
2370
2319
2371
2320
2372
2321
2373
2322
2374
2323
2375
2324
2376
2325
2377
2326
2378
2327
2379
2328
2380
2329
2381
2330
2382
2331
2383
2384
2333
2385
2334
2386
2335
2387
2336
2388
2337
2389
2338
2390
2339
2391
2340
2392
2341
2393
2342
2394
2343
2395
2344
2396
2345
2397
2346
2398
2347
2399
2348
2400
2349
2401
2350
2402
2351
2403
2352
2404
2353
2405
2354
2406
2355
2407
2356
2408
2357
2409
2358
2410
2359
2411
2360
2412
2361
2413
2362
2414
2363
2415
2364
2416
2365
2417
2366
2418
2367
2419
2368
2420
2369
2421
2370
2422
2371
2423
2372
2424
2373
2425
2374
2426
2375
2427
2376
2428
2377
2429
2378
2430
2379
2431
2380
2432
2381
2433
2382
2434
2383
2435
2384
2436
2437
2386
2438
2387
2439
2388
2440
2389
2441
2390
2442
2391
2443
2392
2444
2393
2445
2394
2446
2395
2447
2396
2448
2397
2449
2398
2450
2399
2451
2400
2452
2401
2453
2402
2454
2403
2455
2404
2456
2405
2457
2406
2458
2407
2459
2408
2460
2409
2461
2410
2462
2411
2463
2412
2464
2413
2465
2414
2466
2415
2467
2416
2468
2417
2469
2418
2470
2419
2471
2420
2472
2421
2473
2422
2474
2423
2475
2424
2476
2425
2477
2426
2478
2427
2479
2428
2480
2429
2481
2430
2482
2431
2483
2432
2484
2433
2485
2434
2486
2435
2487
2436
2488
2437
2489
2490
2439
2491
2440
2492
2441
2493
2442
2494
2443
2495
2444
2496
2445
2497
2446
2498
2447
2499
2448
2500
2449
2501
2450
2502
2451
2503
2452
2504
2453
2505
2454
2506
2455
2507
2456
2508
2457
2509
2458
2510
2459
2511
2460
2512
2461
2513
2462
2514
2463
2515
2464
2516
2465
2517
2466
2518
2467
2519
2468
2520
2469
2521
2470
2522
2471
2523
2472
2524
2473
2525
2474
2526
2475
2527
2476
2528
2477
2529
2478
2530
2479
2531
2480
2532
2481
2533
2482
2534
2483
2535
2484
2536
2485
2537
2486
2538
2487
2539
2488
2540
2489
2541
2490
2542
2543
2492
2544
2493
2545
2494
2546
2495
2547
2496
2548
2497
2549
2498
2550
2499
2551
2500
2552
2501
2553
2502
2554
2503
2555
2504
2556
2505
2557
2506
2558
2507
2559
2508
2560
2509
2561
2510
2562
2511
2563
2512
2564
2513
2565
2514
2566
2515
2567
2516
2568
2517
2569
2518
2570
2519
2571
2520
2572
2521
2573
2522
2574
2523
2575
2524
2576
2525
2577
2526
2578
2527
2579
2528
2580
2529
2581
2530
2582
2531
2583
2532
2584
2533
2585
2534
2586
2535
2587
2536
2588
2537
2589
2538
2590
2539
2591
2540
2592
2541
2593
2542
2594
2543
2595
2596
2545
2597
2546
2598
2547
2599
2548
2600
2549
2601
2550
2602
2551
2603
2552
2604
2553
2605
2554
2606
2555
2607
2556
2608
2557
2609
2558
2610
2559
2611
2560
2612
2561
2613
2562
2614
2563
2615
2564
2616
2565
2617
2566
2618
2567
2619
2568
2620
2569
2621
2570
2622
2571
2623
2572
2624
2573
2625
2574
2626
2575
2627
2576
2628
2577
2629
2578
2630
2579
2631
2580
2632
2581
2633
2582
2634
2583
2635
2584
2636
2585
2637
2586
2638
2587
2639
2588
2640
2589
2641
2590
2642
2591
2643
2592
2644
2593
2645
2594
2646
2595
2647
2596
2648
2649
2598
2652
2599
2653
2600
2654
2601
2655
2602
2656
2603
2657
2604
2658
2605
2659
2606
2660
2607
2661
2608
2662
2609
2663
2610
2664
2611
2665
2612
2666
2613
2667
2614
2668
2615
2669
2616
2670
2617
2671
2618
2672
2619
2673
2620
2674
2621
2675
2622
2676
2623
2677
2624
2678
2625
2679
2626
2680
2627
2681
2628
2682
2629
2683
2630
2684
2631
2685
2632
2686
2633
2687
2634
2688
2635
2689
2636
2690
2637
2691
2638
2692
2639
2693
2640
2694
2641
2695
2642
2696
2643
2697
2644
2698
2645
2699
2646
2700
2647
2701
2648
2702
2649
2703
2704
2651
2705
2652
2706
2653
2707
2654
2708
2655
2709
2656
2710
2657
2711
2658
2712
2659
2713
2660
2714
2661
2715
2662
2716
2663
2717
2664
2718
2665
2719
2666
2720
2667
2721
2668
2722
2669
2723
2670
2724
2671
2725
2672
2726
2673
2727
2674
2728
2675
2729
2676
2730
2677
2731
2678
2732
2679
2733
2680
2734
2681
2735
2682
2736
2683
2737
2684
2738
2685
2739
2686
2740
2687
2741
2688
2742
2689
2743
2690
2744
2691
2745
2692
2746
2693
2747
2694
2748
2695
2749
2696
2750
2697
2751
2698
2752
2699
2753
2700
2754
2701
2755
2702
2756
2703
2757
2704
2758
2759
2706
2760
2707
2761
2708
2762
2709
2763
2710
2764
2711
2765
2712
2766
2713
2767
2714
2768
2715
2769
2716
2770
2717
2771
2718
2772
2719
2773
2720
2774
2721
2775
2722
2776
2723
2777
2724
2778
2725
2779
2726
2780
2727
2781
2728
2782
2729
2783
2730
2784
2731
2785
2732
2786
2733
2787
2734
2788
2735
2789
2736
2790
2737
2791
2738
2792
2739
2793
2740
2794
2741
2795
2742
2796
2743
2797
2744
2798
2745
2799
2746
2800
2747
2801
2748
2802
2749
2803
2750
2804
2751
2805
2752
2806
2753
2807
2754
2808
2755
2809
2756
2810
2757
2811
2758
2812
2759
2813
2814
2761
2815
2762
2816
2763
2817
2764
2818
2765
2819
2766
2820
2767
2821
2768
2822
2769
2823
2770
2824
2771
2825
2772
2826
2773
2827
2774
2828
2775
2829
2776
2830
2777
2831
2778
2832
2779
2833
2780
2834
2781
2835
2782
2836
2783
2837
2784
2838
2785
2839
2786
2840
2787
2841
2788
2842
2789
2843
2790
2844
2791
2845
2792
2846
2793
2847
2794
2848
2795
2849
2796
2850
2797
2851
2798
2852
2799
2853
2800
2854
2801
2855
2802
2856
2803
2857
2804
2858
2805
2859
2806
2860
2807
2861
2808
2862
2809
2863
2810
2864
2811
2865
2812
2866
2813
2867
2814
2868
2869
2816
2870
2817
2871
2818
2872
2819
2873
2820
2874
2821
2875
2822
2876
2823
2877
2824
2878
2825
2879
2826
2880
2827
2881
2828
2882
2829
2883
2830
2884
2831
2885
2832
2886
2833
2887
2834
2888
2835
2889
2836
2890
2837
2891
2838
2892
2839
2893
2840
2894
2841
2895
2842
2896
2843
2897
2844
2898
2845
2899
2846
2900
2847
2901
2848
2902
2849
2903
2850
2904
2851
2905
2852
2906
2853
2907
2854
2908
2855
2909
2856
2910
2857
2911
2858
2912
2859
2913
2860
2914
2861
2915
2862
2916
2863
2917
2864
2918
2865
2919
2866
2920
2867
2921
2868
2922
2869
2923
2924
2871
2925
2872
2926
2873
2927
2874
2928
2875
2929
2876
2930
2877
2931
2878
2932
2879
2933
2880
2934
2881
2935
2882
2936
2883
2937
2884
2938
2885
2939
2886
2940
2887
2941
2888
2942
2889
2943
2890
2944
2891
2945
2892
2946
2893
2947
2894
2948
2895
2949
2896
2950
2897
2951
2898
2952
2899
2953
2900
2954
2901
2955
2902
2956
2903
2957
2904
2958
2905
2959
2906
2960
2907
2961
2908
2962
2909
2963
2910
2964
2911
2965
2912
2966
2913
2967
2914
2968
2915
2969
2916
2970
2917
2971
2918
2972
2919
2973
2920
2974
2921
2975
2922
2976
2923
2977
2924
2978
2979
2926
2980
2927
2981
2928
2982
2929
2983
2930
2984
2931
2985
2932
2986
2933
2987
2934
2988
2935
2989
2936
2990
2937
2991
2938
2992
2939
2993
2940
2994
2941
2995
2942
2996
2943
2997
2944
2998
2945
2999
2946
3000
2947
3001
2948
3002
2949
3003
2950
3004
2951
3005
2952
3006
2953
3007
2954
3008
2955
3009
2956
3010
2957
3011
2958
3012
2959
3013
2960
3014
2961
3015
2962
3016
2963
3017
2964
3018
2965
3019
2966
3020
2967
3021
2968
3022
2969
3023
2970
3024
2971
3025
2972
3026
2973
3027
2974
3028
2975
3029
2976
3030
2977
3031
2978
3032
2979
3033
3034
2981
2982
2983
2984
2985
2986
2987
2988
2989
2990
2991
2992
2993
2994
2995
2996
2997
2998
2999
3000
3001
3002
3003
3004
3005
3006
3007
3008
3009
3010
3011
3012
3013
3014
3015
3016
3017
3018
3019
3020
3021
3022
3023
3024
3025
3026
3027
3028
3029
3030
3031
3032
3033
3034
)


// ************************************************************************* //
