/*--------------------------------*- C++ -*----------------------------------*\
| =========                 |                                                 |
| \\      /  F ield         | OpenFOAM: The Open Source CFD Toolbox           |
|  \\    /   O peration     | Version:  2306                                  |
|   \\  /    A nd           | Website:  www.openfoam.com                      |
|    \\/     M anipulation  |                                                 |
\*---------------------------------------------------------------------------*/
FoamFile
{
    version     2.0;
    format      ascii;
    arch        "LSB;label=32;scalar=64";
    note        "nPoints:6468  nCells:3089  nFaces:12500  nInternalFaces:6034";
    class       labelList;
    location    "constant/polyMesh";
    object      neighbour;
}
// * * * * * * * * * * * * * * * * * * * * * * * * * * * * * * * * * * * * * //


6034
(
1
18
2
19
3
20
4
21
5
22
6
23
7
24
8
25
9
26
10
27
11
28
12
29
13
30
14
31
15
32
16
33
17
34
35
554
19
36
20
37
21
38
22
39
23
40
24
41
25
42
26
43
27
44
28
45
29
46
30
47
31
48
32
49
33
50
34
51
35
52
53
652
37
54
38
55
39
56
40
57
41
58
42
59
43
60
44
61
45
62
46
63
47
64
48
65
49
66
50
67
51
68
52
69
53
70
71
750
55
72
56
73
57
74
58
75
59
76
60
77
61
78
62
79
63
80
64
81
65
82
66
83
67
84
68
85
69
86
70
87
71
88
89
848
73
90
74
91
75
92
76
93
77
94
78
95
79
96
80
97
81
98
82
99
83
100
84
101
85
102
86
103
87
104
88
105
89
106
107
946
91
108
92
109
93
110
94
111
95
112
96
113
97
114
98
115
99
116
100
117
101
118
102
119
103
120
104
121
105
122
106
123
107
124
125
1044
109
126
110
127
111
128
112
129
113
130
114
131
115
132
116
133
117
134
118
135
119
136
120
137
121
138
122
139
123
140
124
141
125
142
143
1142
127
144
128
145
129
146
130
147
131
148
132
149
133
150
134
151
135
152
136
153
137
154
138
155
139
156
140
157
141
158
142
159
143
160
161
1240
145
162
146
163
147
164
148
165
149
166
150
167
151
168
152
169
153
170
154
171
155
172
156
173
157
174
158
175
159
176
160
177
161
178
179
1338
163
180
164
181
165
182
166
183
167
184
168
185
169
186
170
187
171
188
172
189
173
190
174
191
175
192
176
193
177
194
178
195
179
196
197
1436
181
198
182
199
183
200
184
201
185
202
186
203
187
204
188
205
189
206
190
207
191
208
192
209
193
210
194
211
195
212
196
213
197
214
215
1534
199
216
200
217
201
218
202
219
203
220
204
221
205
222
206
223
207
224
208
225
209
226
210
227
211
228
212
229
213
230
214
231
215
232
233
1632
217
234
218
235
219
236
220
237
221
238
222
239
223
240
224
241
225
242
226
243
227
244
228
245
229
246
230
247
231
248
232
249
233
250
251
1730
235
252
236
253
237
254
238
255
239
256
240
257
241
258
242
259
243
260
244
261
245
262
246
263
247
264
248
265
249
266
250
267
251
268
269
1828
253
270
254
271
255
272
256
273
257
274
258
275
259
276
260
277
261
278
262
279
263
280
264
281
265
282
266
283
267
284
268
285
269
286
287
1925
271
288
272
289
273
290
274
291
275
292
276
293
277
294
278
295
279
296
280
297
281
298
282
299
283
300
284
301
285
302
286
303
287
304
305
2022
289
306
290
307
291
308
292
309
293
310
294
311
295
312
296
313
297
314
298
315
299
316
300
317
301
318
302
319
303
320
304
321
305
322
323
2119
307
324
308
325
309
326
310
327
311
328
312
329
313
330
314
331
315
332
316
333
317
334
318
335
319
336
320
337
321
338
322
339
323
340
341
2216
325
342
326
343
327
344
328
345
329
346
330
347
331
348
332
349
333
350
334
351
335
352
336
353
337
354
338
355
339
356
340
357
341
358
359
2313
343
360
344
361
345
362
346
363
347
364
348
365
349
366
350
367
351
368
352
369
353
370
354
371
355
372
356
373
357
374
358
375
359
376
377
2410
361
378
362
379
363
380
364
381
365
382
366
383
367
384
368
385
369
386
370
387
371
388
372
389
373
390
374
391
375
392
376
393
377
394
395
2507
379
396
380
397
381
398
382
399
383
400
384
401
385
402
386
403
387
404
388
405
389
406
390
407
391
408
392
409
393
410
394
411
395
412
413
2604
397
414
398
415
399
416
400
417
401
418
402
419
403
420
404
421
405
422
406
423
407
424
408
425
409
426
410
427
411
428
412
429
413
430
431
2701
415
432
416
433
417
434
418
435
419
436
420
437
421
438
422
439
423
440
424
441
425
442
426
443
427
444
428
445
429
446
430
447
431
448
449
2798
433
450
434
451
435
452
436
453
437
454
438
455
439
456
440
457
441
458
442
459
443
460
444
461
445
462
446
463
447
464
448
465
449
466
467
2895
451
452
453
454
455
456
457
458
459
460
461
462
463
464
465
466
467
2992
469
542
470
543
471
544
472
545
473
546
474
547
475
548
476
549
477
550
478
551
479
552
553
481
578
482
579
483
580
484
581
485
582
486
583
487
584
488
585
489
586
490
587
491
588
492
589
493
590
494
591
495
592
496
593
497
594
498
595
499
596
500
597
501
598
502
599
503
600
504
601
505
602
506
603
507
604
508
605
509
606
510
607
511
608
512
609
513
610
514
611
515
612
516
613
517
614
518
615
519
616
520
617
521
618
522
619
523
620
524
621
525
622
526
623
527
624
528
625
529
626
530
627
531
628
532
629
533
630
534
631
535
632
536
633
537
634
538
635
539
636
540
637
541
638
542
639
543
640
544
641
545
642
546
643
547
644
548
645
549
646
550
647
551
648
552
649
553
650
651
555
652
556
653
557
654
558
655
559
656
560
657
561
658
562
659
563
660
564
661
565
662
566
663
567
664
568
665
569
666
570
667
571
668
572
669
573
670
574
671
575
672
576
673
577
674
578
675
579
676
580
677
581
678
582
679
583
680
584
681
585
682
586
683
587
684
588
685
589
686
590
687
591
688
592
689
593
690
594
691
595
692
596
693
597
694
598
695
599
696
600
697
601
698
602
699
603
700
604
701
605
702
606
703
607
704
608
705
609
706
610
707
611
708
612
709
613
710
614
711
615
712
616
713
617
714
618
715
619
716
620
717
621
718
622
719
623
720
624
721
625
722
626
723
627
724
628
725
629
726
630
727
631
728
632
729
633
730
634
731
635
732
636
733
637
734
638
735
639
736
640
737
641
738
642
739
643
740
644
741
645
742
646
743
647
744
648
745
649
746
650
747
651
748
749
653
750
654
751
655
752
656
753
657
754
658
755
659
756
660
757
661
758
662
759
663
760
664
761
665
762
666
763
667
764
668
765
669
766
670
767
671
768
672
769
673
770
674
771
675
772
676
773
677
774
678
775
679
776
680
777
681
778
682
779
683
780
684
781
685
782
686
783
687
784
688
785
689
786
690
787
691
788
692
789
693
790
694
791
695
792
696
793
697
794
698
795
699
796
700
797
701
798
702
799
703
800
704
801
705
802
706
803
707
804
708
805
709
806
710
807
711
808
712
809
713
810
714
811
715
812
716
813
717
814
718
815
719
816
720
817
721
818
722
819
723
820
724
821
725
822
726
823
727
824
728
825
729
826
730
827
731
828
732
829
733
830
734
831
735
832
736
833
737
834
738
835
739
836
740
837
741
838
742
839
743
840
744
841
745
842
746
843
747
844
748
845
749
846
847
751
848
752
849
753
850
754
851
755
852
756
853
757
854
758
855
759
856
760
857
761
858
762
859
763
860
764
861
765
862
766
863
767
864
768
865
769
866
770
867
771
868
772
869
773
870
774
871
775
872
776
873
777
874
778
875
779
876
780
877
781
878
782
879
783
880
784
881
785
882
786
883
787
884
788
885
789
886
790
887
791
888
792
889
793
890
794
891
795
892
796
893
797
894
798
895
799
896
800
897
801
898
802
899
803
900
804
901
805
902
806
903
807
904
808
905
809
906
810
907
811
908
812
909
813
910
814
911
815
912
816
913
817
914
818
915
819
916
820
917
821
918
822
919
823
920
824
921
825
922
826
923
827
924
828
925
829
926
830
927
831
928
832
929
833
930
834
931
835
932
836
933
837
934
838
935
839
936
840
937
841
938
842
939
843
940
844
941
845
942
846
943
847
944
945
849
946
850
947
851
948
852
949
853
950
854
951
855
952
856
953
857
954
858
955
859
956
860
957
861
958
862
959
863
960
864
961
865
962
866
963
867
964
868
965
869
966
870
967
871
968
872
969
873
970
874
971
875
972
876
973
877
974
878
975
879
976
880
977
881
978
882
979
883
980
884
981
885
982
886
983
887
984
888
985
889
986
890
987
891
988
892
989
893
990
894
991
895
992
896
993
897
994
898
995
899
996
900
997
901
998
902
999
903
1000
904
1001
905
1002
906
1003
907
1004
908
1005
909
1006
910
1007
911
1008
912
1009
913
1010
914
1011
915
1012
916
1013
917
1014
918
1015
919
1016
920
1017
921
1018
922
1019
923
1020
924
1021
925
1022
926
1023
927
1024
928
1025
929
1026
930
1027
931
1028
932
1029
933
1030
934
1031
935
1032
936
1033
937
1034
938
1035
939
1036
940
1037
941
1038
942
1039
943
1040
944
1041
945
1042
1043
947
1044
948
1045
949
1046
950
1047
951
1048
952
1049
953
1050
954
1051
955
1052
956
1053
957
1054
958
1055
959
1056
960
1057
961
1058
962
1059
963
1060
964
1061
965
1062
966
1063
967
1064
968
1065
969
1066
970
1067
971
1068
972
1069
973
1070
974
1071
975
1072
976
1073
977
1074
978
1075
979
1076
980
1077
981
1078
982
1079
983
1080
984
1081
985
1082
986
1083
987
1084
988
1085
989
1086
990
1087
991
1088
992
1089
993
1090
994
1091
995
1092
996
1093
997
1094
998
1095
999
1096
1000
1097
1001
1098
1002
1099
1003
1100
1004
1101
1005
1102
1006
1103
1007
1104
1008
1105
1009
1106
1010
1107
1011
1108
1012
1109
1013
1110
1014
1111
1015
1112
1016
1113
1017
1114
1018
1115
1019
1116
1020
1117
1021
1118
1022
1119
1023
1120
1024
1121
1025
1122
1026
1123
1027
1124
1028
1125
1029
1126
1030
1127
1031
1128
1032
1129
1033
1130
1034
1131
1035
1132
1036
1133
1037
1134
1038
1135
1039
1136
1040
1137
1041
1138
1042
1139
1043
1140
1141
1045
1142
1046
1143
1047
1144
1048
1145
1049
1146
1050
1147
1051
1148
1052
1149
1053
1150
1054
1151
1055
1152
1056
1153
1057
1154
1058
1155
1059
1156
1060
1157
1061
1158
1062
1159
1063
1160
1064
1161
1065
1162
1066
1163
1067
1164
1068
1165
1069
1166
1070
1167
1071
1168
1072
1169
1073
1170
1074
1171
1075
1172
1076
1173
1077
1174
1078
1175
1079
1176
1080
1177
1081
1178
1082
1179
1083
1180
1084
1181
1085
1182
1086
1183
1087
1184
1088
1185
1089
1186
1090
1187
1091
1188
1092
1189
1093
1190
1094
1191
1095
1192
1096
1193
1097
1194
1098
1195
1099
1196
1100
1197
1101
1198
1102
1199
1103
1200
1104
1201
1105
1202
1106
1203
1107
1204
1108
1205
1109
1206
1110
1207
1111
1208
1112
1209
1113
1210
1114
1211
1115
1212
1116
1213
1117
1214
1118
1215
1119
1216
1120
1217
1121
1218
1122
1219
1123
1220
1124
1221
1125
1222
1126
1223
1127
1224
1128
1225
1129
1226
1130
1227
1131
1228
1132
1229
1133
1230
1134
1231
1135
1232
1136
1233
1137
1234
1138
1235
1139
1236
1140
1237
1141
1238
1239
1143
1240
1144
1241
1145
1242
1146
1243
1147
1244
1148
1245
1149
1246
1150
1247
1151
1248
1152
1249
1153
1250
1154
1251
1155
1252
1156
1253
1157
1254
1158
1255
1159
1256
1160
1257
1161
1258
1162
1259
1163
1260
1164
1261
1165
1262
1166
1263
1167
1264
1168
1265
1169
1266
1170
1267
1171
1268
1172
1269
1173
1270
1174
1271
1175
1272
1176
1273
1177
1274
1178
1275
1179
1276
1180
1277
1181
1278
1182
1279
1183
1280
1184
1281
1185
1282
1186
1283
1187
1284
1188
1285
1189
1286
1190
1287
1191
1288
1192
1289
1193
1290
1194
1291
1195
1292
1196
1293
1197
1294
1198
1295
1199
1296
1200
1297
1201
1298
1202
1299
1203
1300
1204
1301
1205
1302
1206
1303
1207
1304
1208
1305
1209
1306
1210
1307
1211
1308
1212
1309
1213
1310
1214
1311
1215
1312
1216
1313
1217
1314
1218
1315
1219
1316
1220
1317
1221
1318
1222
1319
1223
1320
1224
1321
1225
1322
1226
1323
1227
1324
1228
1325
1229
1326
1230
1327
1231
1328
1232
1329
1233
1330
1234
1331
1235
1332
1236
1333
1237
1334
1238
1335
1239
1336
1337
1241
1338
1242
1339
1243
1340
1244
1341
1245
1342
1246
1343
1247
1344
1248
1345
1249
1346
1250
1347
1251
1348
1252
1349
1253
1350
1254
1351
1255
1352
1256
1353
1257
1354
1258
1355
1259
1356
1260
1357
1261
1358
1262
1359
1263
1360
1264
1361
1265
1362
1266
1363
1267
1364
1268
1365
1269
1366
1270
1367
1271
1368
1272
1369
1273
1370
1274
1371
1275
1372
1276
1373
1277
1374
1278
1375
1279
1376
1280
1377
1281
1378
1282
1379
1283
1380
1284
1381
1285
1382
1286
1383
1287
1384
1288
1385
1289
1386
1290
1387
1291
1388
1292
1389
1293
1390
1294
1391
1295
1392
1296
1393
1297
1394
1298
1395
1299
1396
1300
1397
1301
1398
1302
1399
1303
1400
1304
1401
1305
1402
1306
1403
1307
1404
1308
1405
1309
1406
1310
1407
1311
1408
1312
1409
1313
1410
1314
1411
1315
1412
1316
1413
1317
1414
1318
1415
1319
1416
1320
1417
1321
1418
1322
1419
1323
1420
1324
1421
1325
1422
1326
1423
1327
1424
1328
1425
1329
1426
1330
1427
1331
1428
1332
1429
1333
1430
1334
1431
1335
1432
1336
1433
1337
1434
1435
1339
1436
1340
1437
1341
1438
1342
1439
1343
1440
1344
1441
1345
1442
1346
1443
1347
1444
1348
1445
1349
1446
1350
1447
1351
1448
1352
1449
1353
1450
1354
1451
1355
1452
1356
1453
1357
1454
1358
1455
1359
1456
1360
1457
1361
1458
1362
1459
1363
1460
1364
1461
1365
1462
1366
1463
1367
1464
1368
1465
1369
1466
1370
1467
1371
1468
1372
1469
1373
1470
1374
1471
1375
1472
1376
1473
1377
1474
1378
1475
1379
1476
1380
1477
1381
1478
1382
1479
1383
1480
1384
1481
1385
1482
1386
1483
1387
1484
1388
1485
1389
1486
1390
1487
1391
1488
1392
1489
1393
1490
1394
1491
1395
1492
1396
1493
1397
1494
1398
1495
1399
1496
1400
1497
1401
1498
1402
1499
1403
1500
1404
1501
1405
1502
1406
1503
1407
1504
1408
1505
1409
1506
1410
1507
1411
1508
1412
1509
1413
1510
1414
1511
1415
1512
1416
1513
1417
1514
1418
1515
1419
1516
1420
1517
1421
1518
1422
1519
1423
1520
1424
1521
1425
1522
1426
1523
1427
1524
1428
1525
1429
1526
1430
1527
1431
1528
1432
1529
1433
1530
1434
1531
1435
1532
1533
1437
1534
1438
1535
1439
1536
1440
1537
1441
1538
1442
1539
1443
1540
1444
1541
1445
1542
1446
1543
1447
1544
1448
1545
1449
1546
1450
1547
1451
1548
1452
1549
1453
1550
1454
1551
1455
1552
1456
1553
1457
1554
1458
1555
1459
1556
1460
1557
1461
1558
1462
1559
1463
1560
1464
1561
1465
1562
1466
1563
1467
1564
1468
1565
1469
1566
1470
1567
1471
1568
1472
1569
1473
1570
1474
1571
1475
1572
1476
1573
1477
1574
1478
1575
1479
1576
1480
1577
1481
1578
1482
1579
1483
1580
1484
1581
1485
1582
1486
1583
1487
1584
1488
1585
1489
1586
1490
1587
1491
1588
1492
1589
1493
1590
1494
1591
1495
1592
1496
1593
1497
1594
1498
1595
1499
1596
1500
1597
1501
1598
1502
1599
1503
1600
1504
1601
1505
1602
1506
1603
1507
1604
1508
1605
1509
1606
1510
1607
1511
1608
1512
1609
1513
1610
1514
1611
1515
1612
1516
1613
1517
1614
1518
1615
1519
1616
1520
1617
1521
1618
1522
1619
1523
1620
1524
1621
1525
1622
1526
1623
1527
1624
1528
1625
1529
1626
1530
1627
1531
1628
1532
1629
1533
1630
1631
1535
1632
1536
1633
1537
1634
1538
1635
1539
1636
1540
1637
1541
1638
1542
1639
1543
1640
1544
1641
1545
1642
1546
1643
1547
1644
1548
1645
1549
1646
1550
1647
1551
1648
1552
1649
1553
1650
1554
1651
1555
1652
1556
1653
1557
1654
1558
1655
1559
1656
1560
1657
1561
1658
1562
1659
1563
1660
1564
1661
1565
1662
1566
1663
1567
1664
1568
1665
1569
1666
1570
1667
1571
1668
1572
1669
1573
1670
1574
1671
1575
1672
1576
1673
1577
1674
1578
1675
1579
1676
1580
1677
1581
1678
1582
1679
1583
1680
1584
1681
1585
1682
1586
1683
1587
1684
1588
1685
1589
1686
1590
1687
1591
1688
1592
1689
1593
1690
1594
1691
1595
1692
1596
1693
1597
1694
1598
1695
1599
1696
1600
1697
1601
1698
1602
1699
1603
1700
1604
1701
1605
1702
1606
1703
1607
1704
1608
1705
1609
1706
1610
1707
1611
1708
1612
1709
1613
1710
1614
1711
1615
1712
1616
1713
1617
1714
1618
1715
1619
1716
1620
1717
1621
1718
1622
1719
1623
1720
1624
1721
1625
1722
1626
1723
1627
1724
1628
1725
1629
1726
1630
1727
1631
1728
1729
1633
1730
1634
1731
1635
1732
1636
1733
1637
1734
1638
1735
1639
1736
1640
1737
1641
1738
1642
1739
1643
1740
1644
1741
1645
1742
1646
1743
1647
1744
1648
1745
1649
1746
1650
1747
1651
1748
1652
1749
1653
1750
1654
1751
1655
1752
1656
1753
1657
1754
1658
1755
1659
1756
1660
1757
1661
1758
1662
1759
1663
1760
1664
1761
1665
1762
1666
1763
1667
1764
1668
1765
1669
1766
1670
1767
1671
1768
1672
1769
1673
1770
1674
1771
1675
1772
1676
1773
1677
1774
1678
1775
1679
1776
1680
1777
1681
1778
1682
1779
1683
1780
1684
1781
1685
1782
1686
1783
1687
1784
1688
1785
1689
1786
1690
1787
1691
1788
1692
1789
1693
1790
1694
1791
1695
1792
1696
1793
1697
1794
1698
1795
1699
1796
1700
1797
1701
1798
1702
1799
1703
1800
1704
1801
1705
1802
1706
1803
1707
1804
1708
1805
1709
1806
1710
1807
1711
1808
1712
1809
1713
1810
1714
1811
1715
1812
1716
1813
1717
1814
1718
1815
1719
1816
1720
1817
1721
1818
1722
1819
1723
1820
1724
1821
1725
1822
1726
1823
1727
1824
1728
1825
1729
1826
1827
1731
1828
1732
1829
1733
1830
1734
1831
1735
1832
1736
1833
1737
1834
1738
1835
1739
1836
1740
1837
1741
1838
1742
1839
1743
1840
1744
1841
1745
1842
1746
1843
1747
1844
1748
1845
1749
1846
1750
1847
1751
1848
1752
1849
1753
1850
1754
1851
1755
1852
1756
1853
1757
1854
1758
1855
1759
1856
1760
1857
1761
1858
1762
1859
1763
1860
1764
1861
1765
1862
1766
1863
1767
1864
1768
1865
1769
1866
1770
1867
1771
1868
1772
1869
1773
1870
1774
1871
1775
1872
1776
1873
1777
1874
1778
1875
1779
1876
1780
1877
1781
1878
1782
1879
1783
1880
1784
1881
1785
1882
1786
1883
1787
1884
1788
1885
1789
1886
1790
1887
1791
1888
1792
1889
1793
1890
1794
1891
1795
1892
1796
1893
1797
1894
1798
1895
1799
1896
1800
1897
1801
1898
1802
1899
1803
1900
1804
1901
1805
1902
1806
1903
1807
1904
1808
1905
1809
1906
1810
1907
1811
1908
1812
1909
1813
1910
1814
1911
1815
1912
1816
1913
1817
1914
1818
1915
1819
1916
1820
1917
1821
1918
1822
1919
1823
1920
1824
1921
1825
1922
1826
1923
1827
1924
1829
1925
1830
1926
1831
1927
1832
1928
1833
1929
1834
1930
1835
1931
1836
1932
1837
1933
1838
1934
1839
1935
1840
1936
1841
1937
1842
1938
1843
1939
1844
1940
1845
1941
1846
1942
1847
1943
1848
1944
1849
1945
1850
1946
1851
1947
1852
1948
1853
1949
1854
1950
1855
1951
1856
1952
1857
1953
1858
1954
1859
1955
1860
1956
1861
1957
1862
1958
1863
1959
1864
1960
1865
1961
1866
1962
1867
1963
1868
1964
1869
1965
1870
1966
1871
1967
1872
1968
1873
1969
1874
1970
1875
1971
1876
1972
1877
1973
1878
1974
1879
1975
1880
1976
1881
1977
1882
1978
1883
1979
1884
1980
1885
1981
1886
1982
1887
1983
1888
1984
1889
1985
1890
1986
1891
1987
1892
1988
1893
1989
1894
1990
1895
1991
1896
1992
1897
1993
1898
1994
1899
1995
1900
1996
1901
1997
1902
1998
1903
1999
1904
2000
1905
2001
1906
2002
1907
2003
1908
2004
1909
2005
1910
2006
1911
2007
1912
2008
1913
2009
1914
2010
1915
2011
1916
2012
1917
2013
1918
2014
1919
2015
1920
2016
1921
2017
1922
2018
1923
2019
1924
2020
2021
1926
2022
1927
2023
1928
2024
1929
2025
1930
2026
1931
2027
1932
2028
1933
2029
1934
2030
1935
2031
1936
2032
1937
2033
1938
2034
1939
2035
1940
2036
1941
2037
1942
2038
1943
2039
1944
2040
1945
2041
1946
2042
1947
2043
1948
2044
1949
2045
1950
2046
1951
2047
1952
2048
1953
2049
1954
2050
1955
2051
1956
2052
1957
2053
1958
2054
1959
2055
1960
2056
1961
2057
1962
2058
1963
2059
1964
2060
1965
2061
1966
2062
1967
2063
1968
2064
1969
2065
1970
2066
1971
2067
1972
2068
1973
2069
1974
2070
1975
2071
1976
2072
1977
2073
1978
2074
1979
2075
1980
2076
1981
2077
1982
2078
1983
2079
1984
2080
1985
2081
1986
2082
1987
2083
1988
2084
1989
2085
1990
2086
1991
2087
1992
2088
1993
2089
1994
2090
1995
2091
1996
2092
1997
2093
1998
2094
1999
2095
2000
2096
2001
2097
2002
2098
2003
2099
2004
2100
2005
2101
2006
2102
2007
2103
2008
2104
2009
2105
2010
2106
2011
2107
2012
2108
2013
2109
2014
2110
2015
2111
2016
2112
2017
2113
2018
2114
2019
2115
2020
2116
2021
2117
2118
2023
2119
2024
2120
2025
2121
2026
2122
2027
2123
2028
2124
2029
2125
2030
2126
2031
2127
2032
2128
2033
2129
2034
2130
2035
2131
2036
2132
2037
2133
2038
2134
2039
2135
2040
2136
2041
2137
2042
2138
2043
2139
2044
2140
2045
2141
2046
2142
2047
2143
2048
2144
2049
2145
2050
2146
2051
2147
2052
2148
2053
2149
2054
2150
2055
2151
2056
2152
2057
2153
2058
2154
2059
2155
2060
2156
2061
2157
2062
2158
2063
2159
2064
2160
2065
2161
2066
2162
2067
2163
2068
2164
2069
2165
2070
2166
2071
2167
2072
2168
2073
2169
2074
2170
2075
2171
2076
2172
2077
2173
2078
2174
2079
2175
2080
2176
2081
2177
2082
2178
2083
2179
2084
2180
2085
2181
2086
2182
2087
2183
2088
2184
2089
2185
2090
2186
2091
2187
2092
2188
2093
2189
2094
2190
2095
2191
2096
2192
2097
2193
2098
2194
2099
2195
2100
2196
2101
2197
2102
2198
2103
2199
2104
2200
2105
2201
2106
2202
2107
2203
2108
2204
2109
2205
2110
2206
2111
2207
2112
2208
2113
2209
2114
2210
2115
2211
2116
2212
2117
2213
2118
2214
2215
2120
2216
2121
2217
2122
2218
2123
2219
2124
2220
2125
2221
2126
2222
2127
2223
2128
2224
2129
2225
2130
2226
2131
2227
2132
2228
2133
2229
2134
2230
2135
2231
2136
2232
2137
2233
2138
2234
2139
2235
2140
2236
2141
2237
2142
2238
2143
2239
2144
2240
2145
2241
2146
2242
2147
2243
2148
2244
2149
2245
2150
2246
2151
2247
2152
2248
2153
2249
2154
2250
2155
2251
2156
2252
2157
2253
2158
2254
2159
2255
2160
2256
2161
2257
2162
2258
2163
2259
2164
2260
2165
2261
2166
2262
2167
2263
2168
2264
2169
2265
2170
2266
2171
2267
2172
2268
2173
2269
2174
2270
2175
2271
2176
2272
2177
2273
2178
2274
2179
2275
2180
2276
2181
2277
2182
2278
2183
2279
2184
2280
2185
2281
2186
2282
2187
2283
2188
2284
2189
2285
2190
2286
2191
2287
2192
2288
2193
2289
2194
2290
2195
2291
2196
2292
2197
2293
2198
2294
2199
2295
2200
2296
2201
2297
2202
2298
2203
2299
2204
2300
2205
2301
2206
2302
2207
2303
2208
2304
2209
2305
2210
2306
2211
2307
2212
2308
2213
2309
2214
2310
2215
2311
2312
2217
2313
2218
2314
2219
2315
2220
2316
2221
2317
2222
2318
2223
2319
2224
2320
2225
2321
2226
2322
2227
2323
2228
2324
2229
2325
2230
2326
2231
2327
2232
2328
2233
2329
2234
2330
2235
2331
2236
2332
2237
2333
2238
2334
2239
2335
2240
2336
2241
2337
2242
2338
2243
2339
2244
2340
2245
2341
2246
2342
2247
2343
2248
2344
2249
2345
2250
2346
2251
2347
2252
2348
2253
2349
2254
2350
2255
2351
2256
2352
2257
2353
2258
2354
2259
2355
2260
2356
2261
2357
2262
2358
2263
2359
2264
2360
2265
2361
2266
2362
2267
2363
2268
2364
2269
2365
2270
2366
2271
2367
2272
2368
2273
2369
2274
2370
2275
2371
2276
2372
2277
2373
2278
2374
2279
2375
2280
2376
2281
2377
2282
2378
2283
2379
2284
2380
2285
2381
2286
2382
2287
2383
2288
2384
2289
2385
2290
2386
2291
2387
2292
2388
2293
2389
2294
2390
2295
2391
2296
2392
2297
2393
2298
2394
2299
2395
2300
2396
2301
2397
2302
2398
2303
2399
2304
2400
2305
2401
2306
2402
2307
2403
2308
2404
2309
2405
2310
2406
2311
2407
2312
2408
2409
2314
2410
2315
2411
2316
2412
2317
2413
2318
2414
2319
2415
2320
2416
2321
2417
2322
2418
2323
2419
2324
2420
2325
2421
2326
2422
2327
2423
2328
2424
2329
2425
2330
2426
2331
2427
2332
2428
2333
2429
2334
2430
2335
2431
2336
2432
2337
2433
2338
2434
2339
2435
2340
2436
2341
2437
2342
2438
2343
2439
2344
2440
2345
2441
2346
2442
2347
2443
2348
2444
2349
2445
2350
2446
2351
2447
2352
2448
2353
2449
2354
2450
2355
2451
2356
2452
2357
2453
2358
2454
2359
2455
2360
2456
2361
2457
2362
2458
2363
2459
2364
2460
2365
2461
2366
2462
2367
2463
2368
2464
2369
2465
2370
2466
2371
2467
2372
2468
2373
2469
2374
2470
2375
2471
2376
2472
2377
2473
2378
2474
2379
2475
2380
2476
2381
2477
2382
2478
2383
2479
2384
2480
2385
2481
2386
2482
2387
2483
2388
2484
2389
2485
2390
2486
2391
2487
2392
2488
2393
2489
2394
2490
2395
2491
2396
2492
2397
2493
2398
2494
2399
2495
2400
2496
2401
2497
2402
2498
2403
2499
2404
2500
2405
2501
2406
2502
2407
2503
2408
2504
2409
2505
2506
2411
2507
2412
2508
2413
2509
2414
2510
2415
2511
2416
2512
2417
2513
2418
2514
2419
2515
2420
2516
2421
2517
2422
2518
2423
2519
2424
2520
2425
2521
2426
2522
2427
2523
2428
2524
2429
2525
2430
2526
2431
2527
2432
2528
2433
2529
2434
2530
2435
2531
2436
2532
2437
2533
2438
2534
2439
2535
2440
2536
2441
2537
2442
2538
2443
2539
2444
2540
2445
2541
2446
2542
2447
2543
2448
2544
2449
2545
2450
2546
2451
2547
2452
2548
2453
2549
2454
2550
2455
2551
2456
2552
2457
2553
2458
2554
2459
2555
2460
2556
2461
2557
2462
2558
2463
2559
2464
2560
2465
2561
2466
2562
2467
2563
2468
2564
2469
2565
2470
2566
2471
2567
2472
2568
2473
2569
2474
2570
2475
2571
2476
2572
2477
2573
2478
2574
2479
2575
2480
2576
2481
2577
2482
2578
2483
2579
2484
2580
2485
2581
2486
2582
2487
2583
2488
2584
2489
2585
2490
2586
2491
2587
2492
2588
2493
2589
2494
2590
2495
2591
2496
2592
2497
2593
2498
2594
2499
2595
2500
2596
2501
2597
2502
2598
2503
2599
2504
2600
2505
2601
2506
2602
2603
2508
2604
2509
2605
2510
2606
2511
2607
2512
2608
2513
2609
2514
2610
2515
2611
2516
2612
2517
2613
2518
2614
2519
2615
2520
2616
2521
2617
2522
2618
2523
2619
2524
2620
2525
2621
2526
2622
2527
2623
2528
2624
2529
2625
2530
2626
2531
2627
2532
2628
2533
2629
2534
2630
2535
2631
2536
2632
2537
2633
2538
2634
2539
2635
2540
2636
2541
2637
2542
2638
2543
2639
2544
2640
2545
2641
2546
2642
2547
2643
2548
2644
2549
2645
2550
2646
2551
2647
2552
2648
2553
2649
2554
2650
2555
2651
2556
2652
2557
2653
2558
2654
2559
2655
2560
2656
2561
2657
2562
2658
2563
2659
2564
2660
2565
2661
2566
2662
2567
2663
2568
2664
2569
2665
2570
2666
2571
2667
2572
2668
2573
2669
2574
2670
2575
2671
2576
2672
2577
2673
2578
2674
2579
2675
2580
2676
2581
2677
2582
2678
2583
2679
2584
2680
2585
2681
2586
2682
2587
2683
2588
2684
2589
2685
2590
2686
2591
2687
2592
2688
2593
2689
2594
2690
2595
2691
2596
2692
2597
2693
2598
2694
2599
2695
2600
2696
2601
2697
2602
2698
2603
2699
2700
2605
2701
2606
2702
2607
2703
2608
2704
2609
2705
2610
2706
2611
2707
2612
2708
2613
2709
2614
2710
2615
2711
2616
2712
2617
2713
2618
2714
2619
2715
2620
2716
2621
2717
2622
2718
2623
2719
2624
2720
2625
2721
2626
2722
2627
2723
2628
2724
2629
2725
2630
2726
2631
2727
2632
2728
2633
2729
2634
2730
2635
2731
2636
2732
2637
2733
2638
2734
2639
2735
2640
2736
2641
2737
2642
2738
2643
2739
2644
2740
2645
2741
2646
2742
2647
2743
2648
2744
2649
2745
2650
2746
2651
2747
2652
2748
2653
2749
2654
2750
2655
2751
2656
2752
2657
2753
2658
2754
2659
2755
2660
2756
2661
2757
2662
2758
2663
2759
2664
2760
2665
2761
2666
2762
2667
2763
2668
2764
2669
2765
2670
2766
2671
2767
2672
2768
2673
2769
2674
2770
2675
2771
2676
2772
2677
2773
2678
2774
2679
2775
2680
2776
2681
2777
2682
2778
2683
2779
2684
2780
2685
2781
2686
2782
2687
2783
2688
2784
2689
2785
2690
2786
2691
2787
2692
2788
2693
2789
2694
2790
2695
2791
2696
2792
2697
2793
2698
2794
2699
2795
2700
2796
2797
2702
2798
2703
2799
2704
2800
2705
2801
2706
2802
2707
2803
2708
2804
2709
2805
2710
2806
2711
2807
2712
2808
2713
2809
2714
2810
2715
2811
2716
2812
2717
2813
2718
2814
2719
2815
2720
2816
2721
2817
2722
2818
2723
2819
2724
2820
2725
2821
2726
2822
2727
2823
2728
2824
2729
2825
2730
2826
2731
2827
2732
2828
2733
2829
2734
2830
2735
2831
2736
2832
2737
2833
2738
2834
2739
2835
2740
2836
2741
2837
2742
2838
2743
2839
2744
2840
2745
2841
2746
2842
2747
2843
2748
2844
2749
2845
2750
2846
2751
2847
2752
2848
2753
2849
2754
2850
2755
2851
2756
2852
2757
2853
2758
2854
2759
2855
2760
2856
2761
2857
2762
2858
2763
2859
2764
2860
2765
2861
2766
2862
2767
2863
2768
2864
2769
2865
2770
2866
2771
2867
2772
2868
2773
2869
2774
2870
2775
2871
2776
2872
2777
2873
2778
2874
2779
2875
2780
2876
2781
2877
2782
2878
2783
2879
2784
2880
2785
2881
2786
2882
2787
2883
2788
2884
2789
2885
2790
2886
2791
2887
2792
2888
2793
2889
2794
2890
2795
2891
2796
2892
2797
2893
2894
2799
2895
2800
2896
2801
2897
2802
2898
2803
2899
2804
2900
2805
2901
2806
2902
2807
2903
2808
2904
2809
2905
2810
2906
2811
2907
2812
2908
2813
2909
2814
2910
2815
2911
2816
2912
2817
2913
2818
2914
2819
2915
2820
2916
2821
2917
2822
2918
2823
2919
2824
2920
2825
2921
2826
2922
2827
2923
2828
2924
2829
2925
2830
2926
2831
2927
2832
2928
2833
2929
2834
2930
2835
2931
2836
2932
2837
2933
2838
2934
2839
2935
2840
2936
2841
2937
2842
2938
2843
2939
2844
2940
2845
2941
2846
2942
2847
2943
2848
2944
2849
2945
2850
2946
2851
2947
2852
2948
2853
2949
2854
2950
2855
2951
2856
2952
2857
2953
2858
2954
2859
2955
2860
2956
2861
2957
2862
2958
2863
2959
2864
2960
2865
2961
2866
2962
2867
2963
2868
2964
2869
2965
2870
2966
2871
2967
2872
2968
2873
2969
2874
2970
2875
2971
2876
2972
2877
2973
2878
2974
2879
2975
2880
2976
2881
2977
2882
2978
2883
2979
2884
2980
2885
2981
2886
2982
2887
2983
2888
2984
2889
2985
2890
2986
2891
2987
2892
2988
2893
2989
2894
2990
2991
2896
2992
2897
2993
2898
2994
2899
2995
2900
2996
2901
2997
2902
2998
2903
2999
2904
3000
2905
3001
2906
3002
2907
3003
2908
3004
2909
3005
2910
3006
2911
3007
2912
3008
2913
3009
2914
3010
2915
3011
2916
3012
2917
3013
2918
3014
2919
3015
2920
3016
2921
3017
2922
3018
2923
3019
2924
3020
2925
3021
2926
3022
2927
3023
2928
3024
2929
3025
2930
3026
2931
3027
2932
3028
2933
3029
2934
3030
2935
3031
2936
3032
2937
3033
2938
3034
2939
3035
2940
3036
2941
3037
2942
3038
2943
3039
2944
3040
2945
3041
2946
3042
2947
3043
2948
3044
2949
3045
2950
3046
2951
3047
2952
3048
2953
3049
2954
3050
2955
3051
2956
3052
2957
3053
2958
3054
2959
3055
2960
3056
2961
3057
2962
3058
2963
3059
2964
3060
2965
3061
2966
3062
2967
3063
2968
3064
2969
3065
2970
3066
2971
3067
2972
3068
2973
3069
2974
3070
2975
3071
2976
3072
2977
3073
2978
3074
2979
3075
2980
3076
2981
3077
2982
3078
2983
3079
2984
3080
2985
3081
2986
3082
2987
3083
2988
3084
2989
3085
2990
3086
2991
3087
3088
2993
2994
2995
2996
2997
2998
2999
3000
3001
3002
3003
3004
3005
3006
3007
3008
3009
3010
3011
3012
3013
3014
3015
3016
3017
3018
3019
3020
3021
3022
3023
3024
3025
3026
3027
3028
3029
3030
3031
3032
3033
3034
3035
3036
3037
3038
3039
3040
3041
3042
3043
3044
3045
3046
3047
3048
3049
3050
3051
3052
3053
3054
3055
3056
3057
3058
3059
3060
3061
3062
3063
3064
3065
3066
3067
3068
3069
3070
3071
3072
3073
3074
3075
3076
3077
3078
3079
3080
3081
3082
3083
3084
3085
3086
3087
3088
)


// ************************************************************************* //
