/*--------------------------------*- C++ -*----------------------------------*\
| =========                 |                                                 |
| \\      /  F ield         | OpenFOAM: The Open Source CFD Toolbox           |
|  \\    /   O peration     | Version:  2306                                  |
|   \\  /    A nd           | Website:  www.openfoam.com                      |
|    \\/     M anipulation  |                                                 |
\*---------------------------------------------------------------------------*/
FoamFile
{
    version     2.0;
    format      ascii;
    arch        "LSB;label=32;scalar=64";
    note        "nPoints:6380  nCells:3078  nFaces:12423  nInternalFaces:6045";
    class       labelList;
    location    "constant/polyMesh";
    object      neighbour;
}
// * * * * * * * * * * * * * * * * * * * * * * * * * * * * * * * * * * * * * //


6045
(
1
29
2
30
3
31
4
32
5
33
6
34
7
35
8
36
9
37
10
38
11
39
12
40
13
41
14
42
15
43
16
44
17
45
18
46
19
47
20
48
21
49
22
50
23
51
24
52
25
53
26
54
27
55
28
56
57
1653
30
58
31
59
32
60
33
61
34
62
35
63
36
64
37
65
38
66
39
67
40
68
41
69
42
70
43
71
44
72
45
73
46
74
47
75
48
76
49
77
50
78
51
79
52
80
53
81
54
82
55
83
56
84
57
85
86
1678
59
87
60
88
61
89
62
90
63
91
64
92
65
93
66
94
67
95
68
96
69
97
70
98
71
99
72
100
73
101
74
102
75
103
76
104
77
105
78
106
79
107
80
108
81
109
82
110
83
111
84
112
85
113
86
114
115
1703
88
116
89
117
90
118
91
119
92
120
93
121
94
122
95
123
96
124
97
125
98
126
99
127
100
128
101
129
102
130
103
131
104
132
105
133
106
134
107
135
108
136
109
137
110
138
111
139
112
140
113
141
114
142
115
143
144
1728
117
145
118
146
119
147
120
148
121
149
122
150
123
151
124
152
125
153
126
154
127
155
128
156
129
157
130
158
131
159
132
160
133
161
134
162
135
163
136
164
137
165
138
166
139
167
140
168
141
169
142
170
143
171
144
172
173
1753
146
174
147
175
148
176
149
177
150
178
151
179
152
180
153
181
154
182
155
183
156
184
157
185
158
186
159
187
160
188
161
189
162
190
163
191
164
192
165
193
166
194
167
195
168
196
169
197
170
198
171
199
172
200
173
201
202
1778
175
203
176
204
177
205
178
206
179
207
180
208
181
209
182
210
183
211
184
212
185
213
186
214
187
215
188
216
189
217
190
218
191
219
192
220
193
221
194
222
195
223
196
224
197
225
198
226
199
227
200
228
201
229
202
230
231
1803
204
232
205
233
206
234
207
235
208
236
209
237
210
238
211
239
212
240
213
241
214
242
215
243
216
244
217
245
218
246
219
247
220
248
221
249
222
250
223
251
224
252
225
253
226
254
227
255
228
256
229
257
230
258
231
259
260
1828
233
261
234
262
235
263
236
264
237
265
238
266
239
267
240
268
241
269
242
270
243
271
244
272
245
273
246
274
247
275
248
276
249
277
250
278
251
279
252
280
253
281
254
282
255
283
256
284
257
285
258
286
259
287
260
288
289
1853
262
290
263
291
264
292
265
293
266
294
267
295
268
296
269
297
270
298
271
299
272
300
273
301
274
302
275
303
276
304
277
305
278
306
279
307
280
308
281
309
282
310
283
311
284
312
285
313
286
314
287
315
288
316
289
317
318
1878
291
319
292
320
293
321
294
322
295
323
296
324
297
325
298
326
299
327
300
328
301
329
302
330
303
331
304
332
305
333
306
334
307
335
308
336
309
337
310
338
311
339
312
340
313
341
314
342
315
343
316
344
317
345
318
346
347
1903
320
348
321
349
322
350
323
351
324
352
325
353
326
354
327
355
328
356
329
357
330
358
331
359
332
360
333
361
334
362
335
363
336
364
337
365
338
366
339
367
340
368
341
369
342
370
343
371
344
372
345
373
346
374
347
375
376
1928
349
377
350
378
351
379
352
380
353
381
354
382
355
383
356
384
357
385
358
386
359
387
360
388
361
389
362
390
363
391
364
392
365
393
366
394
367
395
368
396
369
397
370
398
371
399
372
400
373
401
374
402
375
403
376
404
405
1953
378
406
379
407
380
408
381
409
382
410
383
411
384
412
385
413
386
414
387
415
388
416
389
417
390
418
391
419
392
420
393
421
394
422
395
423
396
424
397
425
398
426
399
427
400
428
401
429
402
430
403
431
404
432
405
433
434
1978
407
435
408
436
409
437
410
438
411
439
412
440
413
441
414
442
415
443
416
444
417
445
418
446
419
447
420
448
421
449
422
450
423
451
424
452
425
453
426
454
427
455
428
456
429
457
430
458
431
459
432
460
433
461
434
462
463
2003
436
464
437
465
438
466
439
467
440
468
441
469
442
470
443
471
444
472
445
473
446
474
447
475
448
476
449
477
450
478
451
479
452
480
453
481
454
482
455
483
456
484
457
485
458
486
459
487
460
488
461
489
462
490
463
491
492
2028
465
493
466
494
467
495
468
496
469
497
470
498
471
499
472
500
473
501
474
502
475
503
476
504
477
505
478
506
479
507
480
508
481
509
482
510
483
511
484
512
485
513
486
514
487
515
488
516
489
517
490
518
491
519
492
520
521
2053
494
522
495
523
496
524
497
525
498
526
499
527
500
528
501
529
502
530
503
531
504
532
505
533
506
534
507
535
508
536
509
537
510
538
511
539
512
540
513
541
514
542
515
543
516
544
517
545
518
546
519
547
520
548
521
549
550
2078
523
551
524
552
525
553
526
554
527
555
528
556
529
557
530
558
531
559
532
560
533
561
534
562
535
563
536
564
537
565
538
566
539
567
540
568
541
569
542
570
543
571
544
572
545
573
546
574
547
575
548
576
549
577
550
578
579
2103
552
580
553
581
554
582
555
583
556
584
557
585
558
586
559
587
560
588
561
589
562
590
563
591
564
592
565
593
566
594
567
595
568
596
569
597
570
598
571
599
572
600
573
601
574
602
575
603
576
604
577
605
578
606
579
607
608
2128
581
609
582
610
583
611
584
612
585
613
586
614
587
615
588
616
589
617
590
618
591
619
592
620
593
621
594
622
595
623
596
624
597
625
598
626
599
627
600
628
601
629
602
630
603
631
604
632
605
633
606
634
607
635
608
636
637
2153
610
638
611
639
612
640
613
641
614
642
615
643
616
644
617
645
618
646
619
647
620
648
621
649
622
650
623
651
624
652
625
653
626
654
627
655
628
656
629
657
630
658
631
659
632
660
633
661
634
662
635
663
636
664
637
665
666
2178
639
667
640
668
641
669
642
670
643
671
644
672
645
673
646
674
647
675
648
676
649
677
650
678
651
679
652
680
653
681
654
682
655
683
656
684
657
685
658
686
659
687
660
688
661
689
662
690
663
691
664
692
665
693
666
694
695
2203
668
696
669
697
670
698
671
699
672
700
673
701
674
702
675
703
676
704
677
705
678
706
679
707
680
708
681
709
682
710
683
711
684
712
685
713
686
714
687
715
688
716
689
717
690
718
691
719
692
720
693
721
694
722
695
723
724
2228
697
725
698
726
699
727
700
728
701
729
702
730
703
731
704
732
705
733
706
734
707
735
708
736
709
737
710
738
711
739
712
740
713
741
714
742
715
743
716
744
717
745
718
746
719
747
720
748
721
749
722
750
723
751
724
752
753
2253
726
754
727
755
728
756
729
757
730
758
731
759
732
760
733
761
734
762
735
763
736
764
737
765
738
766
739
767
740
768
741
769
742
770
743
771
744
772
745
773
746
774
747
775
748
776
749
777
750
778
751
779
752
780
753
781
782
2278
755
783
756
784
757
785
758
786
759
787
760
788
761
789
762
790
763
791
764
792
765
793
766
794
767
795
768
796
769
797
770
798
771
799
772
800
773
801
774
802
775
803
776
804
777
805
778
806
779
807
780
808
781
809
782
810
811
2303
784
812
785
813
786
814
787
815
788
816
789
817
790
818
791
819
792
820
793
821
794
822
795
823
796
824
797
825
798
826
799
827
800
828
801
829
802
830
803
831
804
832
805
833
806
834
807
835
808
836
809
837
810
838
811
839
840
2328
813
841
814
842
815
843
816
844
817
845
818
846
819
847
820
848
821
849
822
850
823
851
824
852
825
853
826
854
827
855
828
856
829
857
830
858
831
859
832
860
833
861
834
862
835
863
836
864
837
865
838
866
839
867
840
868
869
2353
842
870
843
871
844
872
845
873
846
874
847
875
848
876
849
877
850
878
851
879
852
880
853
881
854
882
855
883
856
884
857
885
858
886
859
887
860
888
861
889
862
890
863
891
864
892
865
893
866
894
867
895
868
896
869
897
898
2378
871
899
872
900
873
901
874
902
875
903
876
904
877
905
878
906
879
907
880
908
881
909
882
910
883
911
884
912
885
913
886
914
887
915
888
916
889
917
890
918
891
919
892
920
893
921
894
922
895
923
896
924
897
925
898
926
927
2403
900
928
901
929
902
930
903
931
904
932
905
933
906
934
907
935
908
936
909
937
910
938
911
939
912
940
913
941
914
942
915
943
916
944
917
945
918
946
919
947
920
948
921
949
922
950
923
951
924
952
925
953
926
954
927
955
956
2428
929
957
930
958
931
959
932
960
933
961
934
962
935
963
936
964
937
965
938
966
939
967
940
968
941
969
942
970
943
971
944
972
945
973
946
974
947
975
948
976
949
977
950
978
951
979
952
980
953
981
954
982
955
983
956
984
985
2453
958
986
959
987
960
988
961
989
962
990
963
991
964
992
965
993
966
994
967
995
968
996
969
997
970
998
971
999
972
1000
973
1001
974
1002
975
1003
976
1004
977
1005
978
1006
979
1007
980
1008
981
1009
982
1010
983
1011
984
1012
985
1013
1014
2478
987
1015
988
1016
989
1017
990
1018
991
1019
992
1020
993
1021
994
1022
995
1023
996
1024
997
1025
998
1026
999
1027
1000
1028
1001
1029
1002
1030
1003
1031
1004
1032
1005
1033
1006
1034
1007
1035
1008
1036
1009
1037
1010
1038
1011
1039
1012
1040
1013
1041
1014
1042
1043
2503
1016
1044
1017
1045
1018
1046
1019
1047
1020
1048
1021
1049
1022
1050
1023
1051
1024
1052
1025
1053
1026
1054
1027
1055
1028
1056
1029
1057
1030
1058
1031
1059
1032
1060
1033
1061
1034
1062
1035
1063
1036
1064
1037
1065
1038
1066
1039
1067
1040
1068
1041
1069
1042
1070
1043
1071
1072
2528
1045
1073
1046
1074
1047
1075
1048
1076
1049
1077
1050
1078
1051
1079
1052
1080
1053
1081
1054
1082
1055
1083
1056
1084
1057
1085
1058
1086
1059
1087
1060
1088
1061
1089
1062
1090
1063
1091
1064
1092
1065
1093
1066
1094
1067
1095
1068
1096
1069
1097
1070
1098
1071
1099
1072
1100
1101
2553
1074
1102
1075
1103
1076
1104
1077
1105
1078
1106
1079
1107
1080
1108
1081
1109
1082
1110
1083
1111
1084
1112
1085
1113
1086
1114
1087
1115
1088
1116
1089
1117
1090
1118
1091
1119
1092
1120
1093
1121
1094
1122
1095
1123
1096
1124
1097
1125
1098
1126
1099
1127
1100
1128
1101
1129
1130
2578
1103
1131
1104
1132
1105
1133
1106
1134
1107
1135
1108
1136
1109
1137
1110
1138
1111
1139
1112
1140
1113
1141
1114
1142
1115
1143
1116
1144
1117
1145
1118
1146
1119
1147
1120
1148
1121
1149
1122
1150
1123
1151
1124
1152
1125
1153
1126
1154
1127
1155
1128
1156
1129
1157
1130
1158
1159
2603
1132
1160
1133
1161
1134
1162
1135
1163
1136
1164
1137
1165
1138
1166
1139
1167
1140
1168
1141
1169
1142
1170
1143
1171
1144
1172
1145
1173
1146
1174
1147
1175
1148
1176
1149
1177
1150
1178
1151
1179
1152
1180
1153
1181
1154
1182
1155
1183
1156
1184
1157
1185
1158
1186
1159
1187
1188
2628
1161
1189
1162
1190
1163
1191
1164
1192
1165
1193
1166
1194
1167
1195
1168
1196
1169
1197
1170
1198
1171
1199
1172
1200
1173
1201
1174
1202
1175
1203
1176
1204
1177
1205
1178
1206
1179
1207
1180
1208
1181
1209
1182
1210
1183
1211
1184
1212
1185
1213
1186
1214
1187
1215
1188
1216
1217
2653
1190
1218
1191
1219
1192
1220
1193
1221
1194
1222
1195
1223
1196
1224
1197
1225
1198
1226
1199
1227
1200
1228
1201
1229
1202
1230
1203
1231
1204
1232
1205
1233
1206
1234
1207
1235
1208
1236
1209
1237
1210
1238
1211
1239
1212
1240
1213
1241
1214
1242
1215
1243
1216
1244
1217
1245
1246
2678
1219
1247
1220
1248
1221
1249
1222
1250
1223
1251
1224
1252
1225
1253
1226
1254
1227
1255
1228
1256
1229
1257
1230
1258
1231
1259
1232
1260
1233
1261
1234
1262
1235
1263
1236
1264
1237
1265
1238
1266
1239
1267
1240
1268
1241
1269
1242
1270
1243
1271
1244
1272
1245
1273
1246
1274
1275
2703
1248
1276
1249
1277
1250
1278
1251
1279
1252
1280
1253
1281
1254
1282
1255
1283
1256
1284
1257
1285
1258
1286
1259
1287
1260
1288
1261
1289
1262
1290
1263
1291
1264
1292
1265
1293
1266
1294
1267
1295
1268
1296
1269
1297
1270
1298
1271
1299
1272
1300
1273
1301
1274
1302
1275
1303
1304
2728
1277
1305
1278
1306
1279
1307
1280
1308
1281
1309
1282
1310
1283
1311
1284
1312
1285
1313
1286
1314
1287
1315
1288
1316
1289
1317
1290
1318
1291
1319
1292
1320
1293
1321
1294
1322
1295
1323
1296
1324
1297
1325
1298
1326
1299
1327
1300
1328
1301
1329
1302
1330
1303
1331
1304
1332
1333
2753
1306
1334
1307
1335
1308
1336
1309
1337
1310
1338
1311
1339
1312
1340
1313
1341
1314
1342
1315
1343
1316
1344
1317
1345
1318
1346
1319
1347
1320
1348
1321
1349
1322
1350
1323
1351
1324
1352
1325
1353
1326
1354
1327
1355
1328
1356
1329
1357
1330
1358
1331
1359
1332
1360
1333
1361
1362
2778
1335
1363
1336
1364
1337
1365
1338
1366
1339
1367
1340
1368
1341
1369
1342
1370
1343
1371
1344
1372
1345
1373
1346
1374
1347
1375
1348
1376
1349
1377
1350
1378
1351
1379
1352
1380
1353
1381
1354
1382
1355
1383
1356
1384
1357
1385
1358
1386
1359
1387
1360
1388
1361
1389
1362
1390
1391
2803
1364
1392
1365
1393
1366
1394
1367
1395
1368
1396
1369
1397
1370
1398
1371
1399
1372
1400
1373
1401
1374
1402
1375
1403
1376
1404
1377
1405
1378
1406
1379
1407
1380
1408
1381
1409
1382
1410
1383
1411
1384
1412
1385
1413
1386
1414
1387
1415
1388
1416
1389
1417
1390
1418
1391
1419
1420
2828
1393
1421
1394
1422
1395
1423
1396
1424
1397
1425
1398
1426
1399
1427
1400
1428
1401
1429
1402
1430
1403
1431
1404
1432
1405
1433
1406
1434
1407
1435
1408
1436
1409
1437
1410
1438
1411
1439
1412
1440
1413
1441
1414
1442
1415
1443
1416
1444
1417
1445
1418
1446
1419
1447
1420
1448
1449
2853
1422
1450
1423
1451
1424
1452
1425
1453
1426
1454
1427
1455
1428
1456
1429
1457
1430
1458
1431
1459
1432
1460
1433
1461
1434
1462
1435
1463
1436
1464
1437
1465
1438
1466
1439
1467
1440
1468
1441
1469
1442
1470
1443
1471
1444
1472
1445
1473
1446
1474
1447
1475
1448
1476
1449
1477
1478
2878
1451
1479
1452
1480
1453
1481
1454
1482
1455
1483
1456
1484
1457
1485
1458
1486
1459
1487
1460
1488
1461
1489
1462
1490
1463
1491
1464
1492
1465
1493
1466
1494
1467
1495
1468
1496
1469
1497
1470
1498
1471
1499
1472
1500
1473
1501
1474
1502
1475
1503
1476
1504
1477
1505
1478
1506
1507
2903
1480
1508
1481
1509
1482
1510
1483
1511
1484
1512
1485
1513
1486
1514
1487
1515
1488
1516
1489
1517
1490
1518
1491
1519
1492
1520
1493
1521
1494
1522
1495
1523
1496
1524
1497
1525
1498
1526
1499
1527
1500
1528
1501
1529
1502
1530
1503
1531
1504
1532
1505
1533
1506
1534
1507
1535
1536
2928
1509
1537
1510
1538
1511
1539
1512
1540
1513
1541
1514
1542
1515
1543
1516
1544
1517
1545
1518
1546
1519
1547
1520
1548
1521
1549
1522
1550
1523
1551
1524
1552
1525
1553
1526
1554
1527
1555
1528
1556
1529
1557
1530
1558
1531
1559
1532
1560
1533
1561
1534
1562
1535
1563
1536
1564
1565
2953
1538
1566
1539
1567
1540
1568
1541
1569
1542
1570
1543
1571
1544
1572
1545
1573
1546
1574
1547
1575
1548
1576
1549
1577
1550
1578
1551
1579
1552
1580
1553
1581
1554
1582
1555
1583
1556
1584
1557
1585
1558
1586
1559
1587
1560
1588
1561
1589
1562
1590
1563
1591
1564
1592
1565
1593
1594
2978
1567
1595
1568
1596
1569
1597
1570
1598
1571
1599
1572
1600
1573
1601
1574
1602
1575
1603
1576
1604
1577
1605
1578
1606
1579
1607
1580
1608
1581
1609
1582
1610
1583
1611
1584
1612
1585
1613
1586
1614
1587
1615
1588
1616
1589
1617
1590
1618
1591
1619
1592
1620
1593
1621
1594
1622
1623
3003
1596
1624
1597
1625
1598
1626
1599
1627
1600
1628
1601
1629
1602
1630
1603
1631
1604
1632
1605
1633
1606
1634
1607
1635
1608
1636
1609
1637
1610
1638
1611
1639
1612
1640
1613
1641
1614
1642
1615
1643
1616
1644
1617
1645
1618
1646
1619
1647
1620
1648
1621
1649
1622
1650
1623
1651
1652
3028
1625
1626
1627
1628
1629
1630
1631
1632
1633
1634
1635
1636
1637
1638
1639
1640
1641
1642
1643
1644
1645
1646
1647
1648
1649
1650
1651
1652
3053
1654
1678
1655
1679
1656
1680
1657
1681
1658
1682
1659
1683
1660
1684
1661
1685
1662
1686
1663
1687
1664
1688
1665
1689
1666
1690
1667
1691
1668
1692
1669
1693
1670
1694
1671
1695
1672
1696
1673
1697
1674
1698
1675
1699
1676
1700
1677
1701
1702
1679
1703
1680
1704
1681
1705
1682
1706
1683
1707
1684
1708
1685
1709
1686
1710
1687
1711
1688
1712
1689
1713
1690
1714
1691
1715
1692
1716
1693
1717
1694
1718
1695
1719
1696
1720
1697
1721
1698
1722
1699
1723
1700
1724
1701
1725
1702
1726
1727
1704
1728
1705
1729
1706
1730
1707
1731
1708
1732
1709
1733
1710
1734
1711
1735
1712
1736
1713
1737
1714
1738
1715
1739
1716
1740
1717
1741
1718
1742
1719
1743
1720
1744
1721
1745
1722
1746
1723
1747
1724
1748
1725
1749
1726
1750
1727
1751
1752
1729
1753
1730
1754
1731
1755
1732
1756
1733
1757
1734
1758
1735
1759
1736
1760
1737
1761
1738
1762
1739
1763
1740
1764
1741
1765
1742
1766
1743
1767
1744
1768
1745
1769
1746
1770
1747
1771
1748
1772
1749
1773
1750
1774
1751
1775
1752
1776
1777
1754
1778
1755
1779
1756
1780
1757
1781
1758
1782
1759
1783
1760
1784
1761
1785
1762
1786
1763
1787
1764
1788
1765
1789
1766
1790
1767
1791
1768
1792
1769
1793
1770
1794
1771
1795
1772
1796
1773
1797
1774
1798
1775
1799
1776
1800
1777
1801
1802
1779
1803
1780
1804
1781
1805
1782
1806
1783
1807
1784
1808
1785
1809
1786
1810
1787
1811
1788
1812
1789
1813
1790
1814
1791
1815
1792
1816
1793
1817
1794
1818
1795
1819
1796
1820
1797
1821
1798
1822
1799
1823
1800
1824
1801
1825
1802
1826
1827
1804
1828
1805
1829
1806
1830
1807
1831
1808
1832
1809
1833
1810
1834
1811
1835
1812
1836
1813
1837
1814
1838
1815
1839
1816
1840
1817
1841
1818
1842
1819
1843
1820
1844
1821
1845
1822
1846
1823
1847
1824
1848
1825
1849
1826
1850
1827
1851
1852
1829
1853
1830
1854
1831
1855
1832
1856
1833
1857
1834
1858
1835
1859
1836
1860
1837
1861
1838
1862
1839
1863
1840
1864
1841
1865
1842
1866
1843
1867
1844
1868
1845
1869
1846
1870
1847
1871
1848
1872
1849
1873
1850
1874
1851
1875
1852
1876
1877
1854
1878
1855
1879
1856
1880
1857
1881
1858
1882
1859
1883
1860
1884
1861
1885
1862
1886
1863
1887
1864
1888
1865
1889
1866
1890
1867
1891
1868
1892
1869
1893
1870
1894
1871
1895
1872
1896
1873
1897
1874
1898
1875
1899
1876
1900
1877
1901
1902
1879
1903
1880
1904
1881
1905
1882
1906
1883
1907
1884
1908
1885
1909
1886
1910
1887
1911
1888
1912
1889
1913
1890
1914
1891
1915
1892
1916
1893
1917
1894
1918
1895
1919
1896
1920
1897
1921
1898
1922
1899
1923
1900
1924
1901
1925
1902
1926
1927
1904
1928
1905
1929
1906
1930
1907
1931
1908
1932
1909
1933
1910
1934
1911
1935
1912
1936
1913
1937
1914
1938
1915
1939
1916
1940
1917
1941
1918
1942
1919
1943
1920
1944
1921
1945
1922
1946
1923
1947
1924
1948
1925
1949
1926
1950
1927
1951
1952
1929
1953
1930
1954
1931
1955
1932
1956
1933
1957
1934
1958
1935
1959
1936
1960
1937
1961
1938
1962
1939
1963
1940
1964
1941
1965
1942
1966
1943
1967
1944
1968
1945
1969
1946
1970
1947
1971
1948
1972
1949
1973
1950
1974
1951
1975
1952
1976
1977
1954
1978
1955
1979
1956
1980
1957
1981
1958
1982
1959
1983
1960
1984
1961
1985
1962
1986
1963
1987
1964
1988
1965
1989
1966
1990
1967
1991
1968
1992
1969
1993
1970
1994
1971
1995
1972
1996
1973
1997
1974
1998
1975
1999
1976
2000
1977
2001
2002
1979
2003
1980
2004
1981
2005
1982
2006
1983
2007
1984
2008
1985
2009
1986
2010
1987
2011
1988
2012
1989
2013
1990
2014
1991
2015
1992
2016
1993
2017
1994
2018
1995
2019
1996
2020
1997
2021
1998
2022
1999
2023
2000
2024
2001
2025
2002
2026
2027
2004
2028
2005
2029
2006
2030
2007
2031
2008
2032
2009
2033
2010
2034
2011
2035
2012
2036
2013
2037
2014
2038
2015
2039
2016
2040
2017
2041
2018
2042
2019
2043
2020
2044
2021
2045
2022
2046
2023
2047
2024
2048
2025
2049
2026
2050
2027
2051
2052
2029
2053
2030
2054
2031
2055
2032
2056
2033
2057
2034
2058
2035
2059
2036
2060
2037
2061
2038
2062
2039
2063
2040
2064
2041
2065
2042
2066
2043
2067
2044
2068
2045
2069
2046
2070
2047
2071
2048
2072
2049
2073
2050
2074
2051
2075
2052
2076
2077
2054
2078
2055
2079
2056
2080
2057
2081
2058
2082
2059
2083
2060
2084
2061
2085
2062
2086
2063
2087
2064
2088
2065
2089
2066
2090
2067
2091
2068
2092
2069
2093
2070
2094
2071
2095
2072
2096
2073
2097
2074
2098
2075
2099
2076
2100
2077
2101
2102
2079
2103
2080
2104
2081
2105
2082
2106
2083
2107
2084
2108
2085
2109
2086
2110
2087
2111
2088
2112
2089
2113
2090
2114
2091
2115
2092
2116
2093
2117
2094
2118
2095
2119
2096
2120
2097
2121
2098
2122
2099
2123
2100
2124
2101
2125
2102
2126
2127
2104
2128
2105
2129
2106
2130
2107
2131
2108
2132
2109
2133
2110
2134
2111
2135
2112
2136
2113
2137
2114
2138
2115
2139
2116
2140
2117
2141
2118
2142
2119
2143
2120
2144
2121
2145
2122
2146
2123
2147
2124
2148
2125
2149
2126
2150
2127
2151
2152
2129
2153
2130
2154
2131
2155
2132
2156
2133
2157
2134
2158
2135
2159
2136
2160
2137
2161
2138
2162
2139
2163
2140
2164
2141
2165
2142
2166
2143
2167
2144
2168
2145
2169
2146
2170
2147
2171
2148
2172
2149
2173
2150
2174
2151
2175
2152
2176
2177
2154
2178
2155
2179
2156
2180
2157
2181
2158
2182
2159
2183
2160
2184
2161
2185
2162
2186
2163
2187
2164
2188
2165
2189
2166
2190
2167
2191
2168
2192
2169
2193
2170
2194
2171
2195
2172
2196
2173
2197
2174
2198
2175
2199
2176
2200
2177
2201
2202
2179
2203
2180
2204
2181
2205
2182
2206
2183
2207
2184
2208
2185
2209
2186
2210
2187
2211
2188
2212
2189
2213
2190
2214
2191
2215
2192
2216
2193
2217
2194
2218
2195
2219
2196
2220
2197
2221
2198
2222
2199
2223
2200
2224
2201
2225
2202
2226
2227
2204
2228
2205
2229
2206
2230
2207
2231
2208
2232
2209
2233
2210
2234
2211
2235
2212
2236
2213
2237
2214
2238
2215
2239
2216
2240
2217
2241
2218
2242
2219
2243
2220
2244
2221
2245
2222
2246
2223
2247
2224
2248
2225
2249
2226
2250
2227
2251
2252
2229
2253
2230
2254
2231
2255
2232
2256
2233
2257
2234
2258
2235
2259
2236
2260
2237
2261
2238
2262
2239
2263
2240
2264
2241
2265
2242
2266
2243
2267
2244
2268
2245
2269
2246
2270
2247
2271
2248
2272
2249
2273
2250
2274
2251
2275
2252
2276
2277
2254
2278
2255
2279
2256
2280
2257
2281
2258
2282
2259
2283
2260
2284
2261
2285
2262
2286
2263
2287
2264
2288
2265
2289
2266
2290
2267
2291
2268
2292
2269
2293
2270
2294
2271
2295
2272
2296
2273
2297
2274
2298
2275
2299
2276
2300
2277
2301
2302
2279
2303
2280
2304
2281
2305
2282
2306
2283
2307
2284
2308
2285
2309
2286
2310
2287
2311
2288
2312
2289
2313
2290
2314
2291
2315
2292
2316
2293
2317
2294
2318
2295
2319
2296
2320
2297
2321
2298
2322
2299
2323
2300
2324
2301
2325
2302
2326
2327
2304
2328
2305
2329
2306
2330
2307
2331
2308
2332
2309
2333
2310
2334
2311
2335
2312
2336
2313
2337
2314
2338
2315
2339
2316
2340
2317
2341
2318
2342
2319
2343
2320
2344
2321
2345
2322
2346
2323
2347
2324
2348
2325
2349
2326
2350
2327
2351
2352
2329
2353
2330
2354
2331
2355
2332
2356
2333
2357
2334
2358
2335
2359
2336
2360
2337
2361
2338
2362
2339
2363
2340
2364
2341
2365
2342
2366
2343
2367
2344
2368
2345
2369
2346
2370
2347
2371
2348
2372
2349
2373
2350
2374
2351
2375
2352
2376
2377
2354
2378
2355
2379
2356
2380
2357
2381
2358
2382
2359
2383
2360
2384
2361
2385
2362
2386
2363
2387
2364
2388
2365
2389
2366
2390
2367
2391
2368
2392
2369
2393
2370
2394
2371
2395
2372
2396
2373
2397
2374
2398
2375
2399
2376
2400
2377
2401
2402
2379
2403
2380
2404
2381
2405
2382
2406
2383
2407
2384
2408
2385
2409
2386
2410
2387
2411
2388
2412
2389
2413
2390
2414
2391
2415
2392
2416
2393
2417
2394
2418
2395
2419
2396
2420
2397
2421
2398
2422
2399
2423
2400
2424
2401
2425
2402
2426
2427
2404
2428
2405
2429
2406
2430
2407
2431
2408
2432
2409
2433
2410
2434
2411
2435
2412
2436
2413
2437
2414
2438
2415
2439
2416
2440
2417
2441
2418
2442
2419
2443
2420
2444
2421
2445
2422
2446
2423
2447
2424
2448
2425
2449
2426
2450
2427
2451
2452
2429
2453
2430
2454
2431
2455
2432
2456
2433
2457
2434
2458
2435
2459
2436
2460
2437
2461
2438
2462
2439
2463
2440
2464
2441
2465
2442
2466
2443
2467
2444
2468
2445
2469
2446
2470
2447
2471
2448
2472
2449
2473
2450
2474
2451
2475
2452
2476
2477
2454
2478
2455
2479
2456
2480
2457
2481
2458
2482
2459
2483
2460
2484
2461
2485
2462
2486
2463
2487
2464
2488
2465
2489
2466
2490
2467
2491
2468
2492
2469
2493
2470
2494
2471
2495
2472
2496
2473
2497
2474
2498
2475
2499
2476
2500
2477
2501
2502
2479
2503
2480
2504
2481
2505
2482
2506
2483
2507
2484
2508
2485
2509
2486
2510
2487
2511
2488
2512
2489
2513
2490
2514
2491
2515
2492
2516
2493
2517
2494
2518
2495
2519
2496
2520
2497
2521
2498
2522
2499
2523
2500
2524
2501
2525
2502
2526
2527
2504
2528
2505
2529
2506
2530
2507
2531
2508
2532
2509
2533
2510
2534
2511
2535
2512
2536
2513
2537
2514
2538
2515
2539
2516
2540
2517
2541
2518
2542
2519
2543
2520
2544
2521
2545
2522
2546
2523
2547
2524
2548
2525
2549
2526
2550
2527
2551
2552
2529
2553
2530
2554
2531
2555
2532
2556
2533
2557
2534
2558
2535
2559
2536
2560
2537
2561
2538
2562
2539
2563
2540
2564
2541
2565
2542
2566
2543
2567
2544
2568
2545
2569
2546
2570
2547
2571
2548
2572
2549
2573
2550
2574
2551
2575
2552
2576
2577
2554
2578
2555
2579
2556
2580
2557
2581
2558
2582
2559
2583
2560
2584
2561
2585
2562
2586
2563
2587
2564
2588
2565
2589
2566
2590
2567
2591
2568
2592
2569
2593
2570
2594
2571
2595
2572
2596
2573
2597
2574
2598
2575
2599
2576
2600
2577
2601
2602
2579
2603
2580
2604
2581
2605
2582
2606
2583
2607
2584
2608
2585
2609
2586
2610
2587
2611
2588
2612
2589
2613
2590
2614
2591
2615
2592
2616
2593
2617
2594
2618
2595
2619
2596
2620
2597
2621
2598
2622
2599
2623
2600
2624
2601
2625
2602
2626
2627
2604
2628
2605
2629
2606
2630
2607
2631
2608
2632
2609
2633
2610
2634
2611
2635
2612
2636
2613
2637
2614
2638
2615
2639
2616
2640
2617
2641
2618
2642
2619
2643
2620
2644
2621
2645
2622
2646
2623
2647
2624
2648
2625
2649
2626
2650
2627
2651
2652
2629
2653
2630
2654
2631
2655
2632
2656
2633
2657
2634
2658
2635
2659
2636
2660
2637
2661
2638
2662
2639
2663
2640
2664
2641
2665
2642
2666
2643
2667
2644
2668
2645
2669
2646
2670
2647
2671
2648
2672
2649
2673
2650
2674
2651
2675
2652
2676
2677
2654
2678
2655
2679
2656
2680
2657
2681
2658
2682
2659
2683
2660
2684
2661
2685
2662
2686
2663
2687
2664
2688
2665
2689
2666
2690
2667
2691
2668
2692
2669
2693
2670
2694
2671
2695
2672
2696
2673
2697
2674
2698
2675
2699
2676
2700
2677
2701
2702
2679
2703
2680
2704
2681
2705
2682
2706
2683
2707
2684
2708
2685
2709
2686
2710
2687
2711
2688
2712
2689
2713
2690
2714
2691
2715
2692
2716
2693
2717
2694
2718
2695
2719
2696
2720
2697
2721
2698
2722
2699
2723
2700
2724
2701
2725
2702
2726
2727
2704
2728
2705
2729
2706
2730
2707
2731
2708
2732
2709
2733
2710
2734
2711
2735
2712
2736
2713
2737
2714
2738
2715
2739
2716
2740
2717
2741
2718
2742
2719
2743
2720
2744
2721
2745
2722
2746
2723
2747
2724
2748
2725
2749
2726
2750
2727
2751
2752
2729
2753
2730
2754
2731
2755
2732
2756
2733
2757
2734
2758
2735
2759
2736
2760
2737
2761
2738
2762
2739
2763
2740
2764
2741
2765
2742
2766
2743
2767
2744
2768
2745
2769
2746
2770
2747
2771
2748
2772
2749
2773
2750
2774
2751
2775
2752
2776
2777
2754
2778
2755
2779
2756
2780
2757
2781
2758
2782
2759
2783
2760
2784
2761
2785
2762
2786
2763
2787
2764
2788
2765
2789
2766
2790
2767
2791
2768
2792
2769
2793
2770
2794
2771
2795
2772
2796
2773
2797
2774
2798
2775
2799
2776
2800
2777
2801
2802
2779
2803
2780
2804
2781
2805
2782
2806
2783
2807
2784
2808
2785
2809
2786
2810
2787
2811
2788
2812
2789
2813
2790
2814
2791
2815
2792
2816
2793
2817
2794
2818
2795
2819
2796
2820
2797
2821
2798
2822
2799
2823
2800
2824
2801
2825
2802
2826
2827
2804
2828
2805
2829
2806
2830
2807
2831
2808
2832
2809
2833
2810
2834
2811
2835
2812
2836
2813
2837
2814
2838
2815
2839
2816
2840
2817
2841
2818
2842
2819
2843
2820
2844
2821
2845
2822
2846
2823
2847
2824
2848
2825
2849
2826
2850
2827
2851
2852
2829
2853
2830
2854
2831
2855
2832
2856
2833
2857
2834
2858
2835
2859
2836
2860
2837
2861
2838
2862
2839
2863
2840
2864
2841
2865
2842
2866
2843
2867
2844
2868
2845
2869
2846
2870
2847
2871
2848
2872
2849
2873
2850
2874
2851
2875
2852
2876
2877
2854
2878
2855
2879
2856
2880
2857
2881
2858
2882
2859
2883
2860
2884
2861
2885
2862
2886
2863
2887
2864
2888
2865
2889
2866
2890
2867
2891
2868
2892
2869
2893
2870
2894
2871
2895
2872
2896
2873
2897
2874
2898
2875
2899
2876
2900
2877
2901
2902
2879
2903
2880
2904
2881
2905
2882
2906
2883
2907
2884
2908
2885
2909
2886
2910
2887
2911
2888
2912
2889
2913
2890
2914
2891
2915
2892
2916
2893
2917
2894
2918
2895
2919
2896
2920
2897
2921
2898
2922
2899
2923
2900
2924
2901
2925
2902
2926
2927
2904
2928
2905
2929
2906
2930
2907
2931
2908
2932
2909
2933
2910
2934
2911
2935
2912
2936
2913
2937
2914
2938
2915
2939
2916
2940
2917
2941
2918
2942
2919
2943
2920
2944
2921
2945
2922
2946
2923
2947
2924
2948
2925
2949
2926
2950
2927
2951
2952
2929
2953
2930
2954
2931
2955
2932
2956
2933
2957
2934
2958
2935
2959
2936
2960
2937
2961
2938
2962
2939
2963
2940
2964
2941
2965
2942
2966
2943
2967
2944
2968
2945
2969
2946
2970
2947
2971
2948
2972
2949
2973
2950
2974
2951
2975
2952
2976
2977
2954
2978
2955
2979
2956
2980
2957
2981
2958
2982
2959
2983
2960
2984
2961
2985
2962
2986
2963
2987
2964
2988
2965
2989
2966
2990
2967
2991
2968
2992
2969
2993
2970
2994
2971
2995
2972
2996
2973
2997
2974
2998
2975
2999
2976
3000
2977
3001
3002
2979
3003
2980
3004
2981
3005
2982
3006
2983
3007
2984
3008
2985
3009
2986
3010
2987
3011
2988
3012
2989
3013
2990
3014
2991
3015
2992
3016
2993
3017
2994
3018
2995
3019
2996
3020
2997
3021
2998
3022
2999
3023
3000
3024
3001
3025
3002
3026
3027
3004
3028
3005
3029
3006
3030
3007
3031
3008
3032
3009
3033
3010
3034
3011
3035
3012
3036
3013
3037
3014
3038
3015
3039
3016
3040
3017
3041
3018
3042
3019
3043
3020
3044
3021
3045
3022
3046
3023
3047
3024
3048
3025
3049
3026
3050
3027
3051
3052
3029
3053
3030
3054
3031
3055
3032
3056
3033
3057
3034
3058
3035
3059
3036
3060
3037
3061
3038
3062
3039
3063
3040
3064
3041
3065
3042
3066
3043
3067
3044
3068
3045
3069
3046
3070
3047
3071
3048
3072
3049
3073
3050
3074
3051
3075
3052
3076
3077
3054
3055
3056
3057
3058
3059
3060
3061
3062
3063
3064
3065
3066
3067
3068
3069
3070
3071
3072
3073
3074
3075
3076
3077
)


// ************************************************************************* //
